/*--------------------------------*- C++ -*----------------------------------*\
| =========                 |                                                 |
| \\      /  F ield         | OpenFOAM: The Open Source CFD Toolbox           |
|  \\    /   O peration     | Version:  2506                                  |
|   \\  /    A nd           | Website:  www.openfoam.com                      |
|    \\/     M anipulation  |                                                 |
\*---------------------------------------------------------------------------*/
FoamFile
{
    version     2.0;
    format      ascii;
    arch        "LSB;label=32;scalar=64";
    class       volVectorField;
    location    "2000";
    object      wallShearStress;
}
// * * * * * * * * * * * * * * * * * * * * * * * * * * * * * * * * * * * * * //

dimensions      [0 2 -2 0 0 0 0];

internalField   uniform (0 0 0);

boundaryField
{
    inlet
    {
        type            calculated;
        value           uniform (0 0 0);
    }
    outlet
    {
        type            calculated;
        value           uniform (0 0 0);
    }
    lowerWallStartup
    {
        type            symmetryPlane;
    }
    upperWallStartup
    {
        type            symmetryPlane;
    }
    upperWall
    {
        type            calculated;
        value           nonuniform List<vector> 
872
(
(-2.44137 0.00039187 0)
(-3.15995 -0.000275244 0)
(-4.61748 -0.000585538 0)
(-7.58573 -0.000796443 0)
(-10.404 -0.000593995 0)
(-11.7649 -0.000283247 0)
(-12.3202 -6.44523e-05 0)
(-12.1356 0.000323709 0)
(-9.97988 0.000491473 0)
(-8.62448 0.000309013 0)
(-7.83622 0.00034423 0)
(-6.29771 0.00142544 0)
(-3.28891 0.00238211 0)
(0.00668877 -0.000540638 0)
(1.45083 -7.32011e-05 0)
(0.919622 -0.000225368 0)
(-0.699559 -0.000388176 0)
(-1.46946 -0.000338679 0)
(-1.92913 0.000326647 0)
(-1.20702 0.000168468 0)
(-1.33374 4.26964e-05 0)
(-1.6205 0.000959056 0)
(-1.3459 -7.91419e-05 0)
(-1.35643 -0.000221295 0)
(-0.589739 -0.000198336 0)
(-12.2771 -0.000454525 0)
(-0.499715 -0.00021118 0)
(-0.0197317 -0.000378357 0)
(-0.629705 0.000118351 0)
(-1.15582 0.000586875 0)
(-1.13248 7.08073e-05 0)
(-1.38804 -0.00101464 0)
(-1.70176 -0.000490096 0)
(-2.09176 0.000560514 0)
(-2.59278 -0.000421957 0)
(-3.05993 -0.00113514 0)
(-4.88828 -0.000728198 0)
(-7.13697 -0.000817353 0)
(-9.36372 -0.000800905 0)
(-11.4088 -0.000727598 0)
(-13.1541 -0.00058086 0)
(-14.3475 -0.00042952 0)
(-15.2221 -0.000442372 0)
(-16.4765 -0.000473872 0)
(-17.5469 -0.000180639 0)
(-17.34 0.000470676 0)
(-15.2241 0.00113003 0)
(-11.8478 0.00134665 0)
(-8.68912 0.00104679 0)
(-6.73678 0.000658277 0)
(-5.49668 0.000642204 0)
(-3.62271 0.00148585 0)
(-2.91987 0.00335524 0)
(-3.03956 -0.00115547 0)
(-0.0761956 -0.00166129 0)
(1.22886 0.000463543 0)
(-0.410108 0.000534256 0)
(-2.02396 -0.00130671 0)
(-1.53704 -0.000512 0)
(-1.15573 0.000293969 0)
(0.143155 0.000960874 0)
(1.23086 -0.000165594 0)
(1.42604 -0.00099321 0)
(0.94373 0.000770593 0)
(-1.04909 0.00243409 0)
(-12.0665 -0.0105939 0)
(-0.866779 -5.64805e-05 0)
(-0.501049 0.000836823 0)
(-0.236804 7.38929e-05 0)
(-0.626318 0.00154066 0)
(-261.706 -0.00215163 0)
(-98.1309 -0.162797 0)
(-1.27514 0.000133441 0)
(-1.55714 5.12093e-05 0)
(-1.10912 -0.000586745 0)
(-1.4607 -5.24657e-05 0)
(-1.28723 0.000348305 0)
(-0.0105528 0.000875382 0)
(-0.272699 0.000730935 0)
(-1.28575 -0.00169475 0)
(-2.72747 -0.00140843 0)
(-4.55504 -0.000958113 0)
(-6.30017 -0.000937645 0)
(-8.00757 -0.000864373 0)
(-9.42708 -0.0006753 0)
(-10.397 -0.000166791 0)
(-9.98216 0.000704519 0)
(-7.8664 0.00126512 0)
(-5.40698 0.00099801 0)
(-4.22748 0.000517494 0)
(-3.6164 0.0017789 0)
(-2.96506 0.00409212 0)
(-2.01871 -0.000800311 0)
(-1.48026 -0.000614542 0)
(-13.5373 -0.00429297 0)
(-0.418845 -0.0001081 0)
(-0.632175 -0.000561869 0)
(-0.358564 0.000133127 0)
(-0.664689 0.000193812 0)
(0.743949 0.000300444 0)
(1.42396 0.000218668 0)
(1.39733 -0.000798876 0)
(1.80619 -0.00223083 0)
(2.05097 9.76504e-06 0)
(1.81203 0.000201665 0)
(1.71839 0.00248052 0)
(1.77553 -5.61505e-05 0)
(1.97698 -0.00243426 0)
(1.69699 0.00069713 0)
(0.914265 0.000962651 0)
(0.310201 0.00113081 0)
(-0.256691 0.000441322 0)
(-0.45424 0.000163141 0)
(-0.526513 0.000166093 0)
(-9.8804 -0.0163274 0)
(-0.881843 4.15726e-05 0)
(-0.510106 3.20041e-05 0)
(-0.841943 -0.000540751 0)
(-0.964043 0.000588887 0)
(-1.23544 -0.000190091 0)
(-1.0637 -0.00014885 0)
(-0.621649 0.00117892 0)
(-0.294634 -0.000252022 0)
(-0.232521 0.000126026 0)
(-0.459952 -7.08074e-05 0)
(-0.176045 -0.000549608 0)
(0.307089 -0.000274314 0)
(0.0786186 0.000291369 0)
(-2.5174 0.00494837 0)
(-0.345082 0.000264618 0)
(-0.425769 7.75371e-05 0)
(-0.464929 0.000137295 0)
(-0.265648 0.000128562 0)
(-0.357969 9.42545e-05 0)
(-0.941831 0.000131723 0)
(-0.989877 8.3945e-05 0)
(-1.05142 0.000102871 0)
(-1.11743 0.000117787 0)
(-1.19068 -0.00212899 0)
(-1.18463 9.04503e-05 0)
(-1.49013 -0.000532864 0)
(-1.70331 0.00023168 0)
(-2.29315 -0.00133842 0)
(-2.87435 -0.00226989 0)
(-3.43712 -9.99224e-05 0)
(-3.10991 -0.000403672 0)
(-4.25488 0.000751242 0)
(-1.64478 0.00228185 0)
(0.684523 0.000573073 0)
(0.546792 -0.000515504 0)
(-0.0722223 0.00160941 0)
(-1.14682 0.000464156 0)
(-0.703922 0.00293022 0)
(3.69647 0.00267821 0)
(5.48501 0.00021639 0)
(4.11684 -0.0010968 0)
(3.40994 -0.000616828 0)
(2.97164 -0.000619791 0)
(2.24629 -0.000760418 0)
(1.57071 -0.00077271 0)
(0.803128 -0.000885948 0)
(0.111766 0.000463403 0)
(1.08893 0.00150699 0)
(2.73441 0.00118566 0)
(3.15181 -0.000136465 0)
(2.4761 -0.000913174 0)
(1.54347 -0.000913791 0)
(0.858475 -0.00109015 0)
(0.636759 -0.00161519 0)
(0.468164 0.000251268 0)
(0.372411 -0.00012717 0)
(0.557041 -0.00067981 0)
(0.347438 -9.4791e-05 0)
(12.0158 -0.00327838 0)
(0.201707 3.74255e-05 0)
(90.9013 -0.00734593 0)
(0.82055 -4.73587e-05 0)
(0.697057 0.000187281 0)
(11.8078 -0.00973271 0)
(1.28043 -0.000646559 0)
(1.33465 0.000299199 0)
(0.207768 0.000157439 0)
(0.637428 0.00222634 0)
(0.299823 0.000339796 0)
(0.404137 -0.000379897 0)
(0.566162 -2.20618e-06 0)
(0.809593 0.00187654 0)
(-0.978786 -0.00139022 0)
(-0.762421 0.000552036 0)
(-0.929183 0.00184526 0)
(-0.592582 -0.000483493 0)
(-0.62237 0.000131083 0)
(-0.76714 -0.000343927 0)
(-0.409567 -0.001571 0)
(0.445391 -0.00153627 0)
(0.747121 -0.000163671 0)
(0.607533 0.000686198 0)
(0.318156 0.00130108 0)
(-0.226954 0.0011025 0)
(-0.439579 0.000526497 0)
(-0.595156 0.000105784 0)
(-0.515017 -0.000384401 0)
(-0.343337 -0.000619872 0)
(-0.0976452 -0.000584885 0)
(0.0269879 0.000365551 0)
(-0.0769072 0.000167535 0)
(-0.397984 0.000566718 0)
(-0.602343 0.000427239 0)
(-0.288722 -0.00103357 0)
(-0.832766 -3.09528e-05 0)
(-0.265466 0.00110417 0)
(-0.598578 0.000187774 0)
(-0.708625 -0.00229969 0)
(-0.707122 -2.66348e-05 0)
(-0.642928 0.00222958 0)
(-0.55273 -4.99294e-05 0)
(-0.599026 0.000326715 0)
(-0.736632 0.00068267 0)
(-0.981221 -0.00336342 0)
(-1.02769 -8.45925e-05 0)
(-0.835085 0.00275782 0)
(-0.412258 -0.00113186 0)
(-2.52484 -0.00367332 0)
(-0.277567 0.000115482 0)
(-0.276648 -0.000283799 0)
(-0.127418 -0.000548102 0)
(0.0166177 -0.000482502 0)
(0.11836 -0.000136523 0)
(0.087579 0.000261768 0)
(-0.00842578 0.000446392 0)
(-0.151154 0.000249221 0)
(-0.143789 -0.000209466 0)
(-0.0571226 -0.000389296 0)
(0.037905 8.19024e-05 0)
(-0.0903506 0.000399969 0)
(-0.170422 -0.000307183 0)
(0.0754979 -0.000655316 0)
(0.152701 1.31808e-05 0)
(0.0696435 0.000453489 0)
(-0.0465313 0.000599459 0)
(-0.186727 -0.000848683 0)
(-0.305669 0.000188243 0)
(-0.448978 0.0019102 0)
(-0.549781 0.000405004 0)
(-0.629582 0.000329364 0)
(-0.695722 -0.00312903 0)
(-0.701175 2.96406e-06 0)
(-0.30084 0.0014566 0)
(-0.712049 -8.44731e-05 0)
(-0.284629 -4.93504e-05 0)
(-0.663828 3.04902e-05 0)
(-0.672038 6.31935e-05 0)
(-0.691582 0.000128878 0)
(-0.714719 0.000139626 0)
(-0.174704 -0.00141044 0)
(-0.694312 6.37467e-05 0)
(-0.660603 0.00528612 0)
(-0.274018 -0.00224247 0)
(-0.617989 7.78636e-05 0)
(-0.666823 0.00539755 0)
(-0.69184 0.000116242 0)
(-0.697235 -0.005739 0)
(-0.645372 -5.33726e-05 0)
(-0.635158 0.00547293 0)
(-0.614441 -0.000138179 0)
(-0.600226 -9.24388e-05 0)
(-0.589922 -0.000157074 0)
(-0.561647 -0.00505444 0)
(-0.5357 -2.78193e-05 0)
(-0.525805 -5.78061e-05 0)
(-0.539195 -0.00215544 0)
(-0.596762 0.00223783 0)
(-0.637069 0.00585881 0)
(-0.651806 -0.00615836 0)
(-0.661288 7.17961e-05 0)
(-0.677789 0.00641581 0)
(-0.674177 -0.000331149 0)
(-0.610632 -0.00605561 0)
(-0.566695 -0.00250682 0)
(-0.588892 0.00267838 0)
(-0.724342 0.00662329 0)
(-0.722882 -0.00642188 0)
(-0.628472 -0.000295574 0)
(-0.525291 0.00536609 0)
(-0.489969 -0.000342828 0)
(-6.47985 -0.000221691 0)
(-0.0616268 -0.000147472 0)
(-14.6783 -0.00368724 0)
(-0.0622796 0.0002127 0)
(-0.563414 0.0011232 0)
(-0.304926 0.000640874 0)
(-0.360892 -8.62374e-06 0)
(-11.7236 0.00971257 0)
(-0.420435 0.000446484 0)
(-0.969926 -0.0142936 0)
(-0.893786 -0.00437375 0)
(-0.774375 0.0054046 0)
(-1.03594 0.0267634 0)
(-1.0211 -0.000656529 0)
(-0.994776 -0.000596273 0)
(-0.416708 -0.000194918 0)
(-0.391624 -0.000454513 0)
(-0.362357 -0.000761767 0)
(-0.714286 -0.00210201 0)
(-0.258189 -0.000506671 0)
(-0.362435 -0.0140952 0)
(0.00970565 -0.0720128 0)
(0.484598 -0.0790284 0)
(0.418591 0.0273096 0)
(0.29194 0.00494656 0)
(0.379762 -0.0019041 0)
(0.880765 0.00452412 0)
(0.613089 -0.000679279 0)
(0.597003 -0.00337505 0)
(0.216722 -0.000926193 0)
(1.096 -0.00396072 0)
(1.40138 0.0002801 0)
(1.80152 -0.00159067 0)
(2.04426 0.00731115 0)
(2.37118 0.0171381 0)
(2.54766 0.0014601 0)
(2.66531 0.000891823 0)
(2.71809 0.000562474 0)
(2.76577 0.000637126 0)
(2.81976 0.000787496 0)
(2.90222 -0.0225705 0)
(3.09405 0.0123203 0)
(2.987 0.0240531 0)
(2.98511 -0.0245713 0)
(3.21675 0.0124095 0)
(2.93978 -0.000366418 0)
(3.44193 0.00696344 0)
(3.09993 0.026091 0)
(2.97967 -0.000361448 0)
(3.00092 -0.000350998 0)
(2.88574 0.000524337 0)
(3.06589 0.00154893 0)
(3.13954 -0.000597144 0)
(2.93574 -0.00511364 0)
(2.3466 0.000640204 0)
(3.01766 -0.0242557 0)
(3.36839 -0.0255723 0)
(0.145837 1.02046e-05 0)
(52.7448 -0.883195 0)
(3.32436 0.00053622 0)
(3.31519 0.000748586 0)
(3.27368 0.0009693 0)
(3.24048 0.00097999 0)
(3.1985 0.00097874 0)
(3.16629 0.00094214 0)
(3.12102 0.000885711 0)
(3.09851 -0.00318284 0)
(22.6918 1.10104 2.16382e-21)
(2.53534 0.000509631 0)
(2.91317 -0.130233 2.44006e-21)
(2.84632 0.00151717 -2.38677e-21)
(2.77197 0.00169179 2.29818e-21)
(2.6844 0.00207394 2.2084e-21)
(2.58556 0.00199969 2.12632e-21)
(2.49484 0.10647 2.07138e-21)
(2.08635 0.000722606 1.28425e-21)
(2.27947 -0.00366896 0)
(1.84217 0.020466 1.18865e-21)
(1.83138 -0.000418853 0)
(1.77096 -0.0193218 1.09963e-21)
(1.95413 -0.0838754 1.5917e-21)
(1.88369 0.00175842 0)
(1.77175 0.0756252 1.50326e-21)
(1.37432 0.00042837 0)
(1.64755 -0.00437467 1.37567e-21)
(1.29157 0.000460712 8.67634e-22)
(1.51435 -0.064404 0)
(1.45195 0.00147414 1.22261e-21)
(1.37561 0.00152425 1.17696e-21)
(1.30655 0.0013962 1.13207e-21)
(1.25452 -0.0409275 1.09246e-21)
(0.401267 0.0127429 0)
(0.694141 0.0200839 6.30202e-22)
(0.282962 -0.00848048 5.85799e-22)
(3.59145 -0.180691 0)
(0.156766 -0.00137212 3.25058e-22)
(0.872844 -0.00225121 -8.85234e-22)
(0.809883 0.00215933 8.57559e-22)
(0.758215 0.00106223 8.23077e-22)
(0.706918 0.00107765 8.05191e-22)
(0.660147 0.000899419 0)
(0.619503 9.84251e-05 0)
(0.579122 0.00102234 7.38813e-22)
(0.530231 -0.00831758 7.19287e-22)
(0.150882 0.000209934 0)
(0.440424 0.00955568 0)
(0.396852 0.00107512 6.66944e-22)
(0.348482 -9.67936e-05 6.51789e-22)
(0.605636 0.00270286 1.31533e-22)
(0.240914 0.000980245 -6.44054e-22)
(0.112079 -0.000287476 5.77923e-22)
(0.218685 -0.00062532 5.98622e-22)
(0.209262 6.91289e-06 -5.86639e-22)
(0.210464 -0.000337825 5.75439e-22)
(0.227872 -0.00114817 5.65055e-22)
(0.317736 -0.000865062 4.93771e-22)
(0.280091 -0.000342382 0)
(0.30539 -0.000447416 5.37142e-22)
(0.311854 4.42903e-05 5.29108e-22)
(0.298525 0.000483495 5.21772e-22)
(0.269842 0.000769275 0)
(0.231083 0.000900552 5.09219e-22)
(0.191203 0.000855292 0)
(0.156338 0.000744281 5.00015e-22)
(0.125211 0.00062608 4.96506e-22)
(0.100132 0.000493585 4.94439e-22)
(0.0800549 0.000458316 4.9292e-22)
(0.0587168 0.000570998 0)
(0.0304707 0.000761769 0)
(-0.00490281 0.000654882 4.22853e-22)
(-0.046931 0.000664488 4.77414e-22)
(-0.071572 0.00019506 4.81877e-22)
(-0.0750335 -0.000448701 0)
(-0.046098 -0.000971734 4.8707e-22)
(-2.84046e-05 -0.000106697 0)
(0.0528086 -0.00103949 0)
(0.0867909 -0.000238145 0)
(0.08034 0.000752053 5.11923e-22)
(0.0353499 0.00158566 5.22875e-22)
(-0.0377448 0.00204173 4.97739e-22)
(-0.148467 0.00271542 5.09879e-22)
(-0.0873215 0.000697291 1.14725e-22)
(-0.184524 0.00075053 0)
(-0.409595 0.00068431 5.2987e-22)
(-0.472823 0.000778248 0)
(-0.507283 -0.000194742 5.51239e-22)
(-0.497726 -0.00146501 5.67016e-22)
(-0.450772 -0.00238704 0)
(-0.318202 -0.00362025 6.09279e-22)
(-0.142378 -0.00460431 6.33574e-22)
(0.0515319 -0.0133712 0)
(0.579146 -0.00371461 5.2558e-22)
(0.270528 -3.87416e-05 0)
(0.363329 0.00770849 -6.95507e-22)
(0.421428 -0.000242305 0)
(0.443913 0.000838792 0)
(0.479718 0.00441237 0)
(0.467756 -0.00017496 5.04898e-22)
(0.451851 -0.00433132 5.13975e-22)
(0.431877 -0.00976027 7.76546e-22)
(0.438475 -8.10432e-05 0)
(0.436964 0.00929989 0)
(0.44215 -4.86837e-06 0)
(0.431737 -0.000142609 0)
(0.448485 4.685e-06 5.71095e-22)
(0.424295 -0.00916127 8.62498e-22)
(0.430148 -0.000226565 8.79768e-22)
(0.444203 -0.000371237 0)
(0.460692 -0.00040005 0)
(0.476918 -0.000477093 9.29933e-22)
(0.501523 -0.000589749 0)
(0.528097 -0.000681521 9.65654e-22)
(0.562202 -0.000741945 0)
(0.595172 -0.000933681 1.00292e-21)
(0.649339 -0.00108791 1.02199e-21)
(0.696094 -0.000874996 1.04032e-21)
(0.73378 -0.000737713 0)
(0.769019 0.015013 1.07945e-21)
(0.800148 -9.97771e-05 0)
(0.79913 -0.0159311 1.10905e-21)
(0.831384 -0.000452852 0)
(0.850603 -0.000311179 1.1454e-21)
(0.868744 -0.00028626 1.16144e-21)
(0.890697 -0.000275614 1.17687e-21)
(0.908518 -7.16835e-05 1.19216e-21)
(0.917334 9.56237e-05 1.20945e-21)
(0.912837 -2.44921e-05 0)
(0.90488 0.000416244 1.23552e-21)
(0.881729 0.0175149 0)
(0.876645 0.00821549 -8.48452e-22)
(0.847827 -0.00037264 8.59863e-22)
(0.810965 -0.000417743 0)
(0.771091 -0.000326694 0)
(0.746784 -0.00707915 0)
(0.734215 -0.0144882 0)
(0.717756 0.000477478 0)
(0.319342 -0.000404951 0)
(0.852837 0.0191637 1.3751e-21)
(0.85976 -0.000336752 0)
(0.980236 -0.0225845 0)
(0.481284 -0.00105424 0)
(1.22393 -0.0034617 -1.37528e-21)
(1.41643 -0.00463075 0)
(1.62834 -0.00402603 0)
(1.77355 -0.00292731 0)
(1.88817 -0.00212926 0)
(1.96618 -0.00114063 0)
(1.99808 -0.000224853 0)
(1.99615 0.00040919 1.32947e-21)
(1.97433 0.000646981 -1.32143e-21)
(1.95226 0.000797959 0)
(1.91525 0.00104925 0)
(1.86912 0.000864773 0)
(1.85078 0.000555433 1.2836e-21)
(1.8323 0.000603346 0)
(1.80573 0.000709834 1.2621e-21)
(1.77567 0.000448065 0)
(1.77557 0.000142508 -1.24077e-21)
(1.77274 0.000241806 1.22927e-21)
(1.76252 0.00012097 0)
(1.77402 0.0431631 0)
(1.66235 0.0160747 0)
(1.66492 -0.0161212 0)
(1.80814 -0.0432127 1.15252e-21)
(1.80923 -0.000176875 0)
(1.83471 -0.000413905 -1.1426e-21)
(1.86446 -0.000230752 1.12832e-21)
(1.86894 0.0452525 0)
(1.68033 1.3416e-05 0)
(1.88446 -0.0453179 -1.06335e-21)
(1.89327 0.000210266 0)
(1.89067 0.000501113 1.04211e-21)
(1.86405 0.04963 0)
(1.62572 2.55405e-05 -6.57872e-22)
(1.89211 0.0014249 9.74049e-22)
(1.57247 0.00030461 0)
(1.81656 -0.0489895 0)
(1.73967 0.0492221 -9.13152e-22)
(1.34249 0.000493371 0)
(1.60069 -0.0456816 8.45023e-22)
(1.53265 0.0440884 0)
(1.22339 0.0120906 5.37727e-22)
(1.21168 -0.0126563 0)
(1.57411 0.0178791 0)
(1.08949 0.0117353 0)
(1.02643 -0.0110565 -4.81884e-22)
(1568.51 -18.8301 0)
(0.71056 0.0110996 0)
(0.913759 -0.00510074 0)
(2.01272 -0.0984871 0)
(0.568409 0.0013898 0)
(17.1882 0.0304249 0)
(0.536668 0.000238851 2.96569e-23)
(16.4154 0.00537555 -1.41e-20)
(1.08872 -0.00279192 0)
(0.406797 -0.000457233 0)
(19.8325 0.0729658 0)
(0.565562 0.0155254 6.12167e-22)
(0.499387 0.00228733 0)
(0.274586 0.0025446 0)
(0.201039 0.000682883 0)
(0.114694 -0.00292748 -7.40102e-22)
(0.282191 -0.000800897 0)
(0.0123575 -0.117905 0)
(22.8598 18.8266 5.20291e-23)
(158.029 64.547 0)
(0.282932 -2.30277 0)
(0.417997 0.0275782 7.27904e-22)
(0.365485 -0.000701079 0)
(0.418023 0.00058779 -8.53778e-22)
(0.479413 0.000677037 9.17397e-22)
(0.543184 0.000722873 0)
(0.613264 0.000776549 0)
(0.678769 0.00075873 -1.10933e-21)
(0.749176 0.000708845 0)
(0.801571 0.00051799 1.23501e-21)
(0.838176 -0.00740754 0)
(0.866554 -0.0155159 -2.0381e-21)
(0.960723 -0.000169427 2.13294e-21)
(0.923833 0.0202992 0)
(1.12782 0.0101689 0)
(1.16677 0.00043269 -1.5886e-21)
(1.19984 0.000245964 0)
(1.20811 -0.0110827 1.69925e-21)
(1.27235 -0.0203946 0)
(1.37326 0.0223187 2.75425e-21)
(1.39056 0.0126161 0)
(1.41097 0.000315841 0)
(1.44744 0.000363905 0)
(1.4755 0.00028182 -2.01515e-21)
(1.50035 0.000277502 2.06747e-21)
(1.52896 0.000308576 0)
(1.5563 0.000274762 0)
(1.58345 0.000285895 0)
(1.61084 0.000279163 0)
(1.64017 0.000257465 0)
(1.66052 0.000252838 2.38601e-21)
(1.69064 0.000140645 -2.44076e-21)
(1.68853 -0.000214214 0)
(1.66189 -0.0152992 0)
(1.73649 -0.0301705 0)
(1.83773 -0.00188853 4.05252e-21)
(1.93126 0.0312226 0)
(1.95145 0.017662 0)
(2.00579 0.0005549 0)
(2.04564 0.000417191 0)
(2.09072 -0.0190505 0)
(2.29711 0.00218183 -4.55508e-21)
(2.34243 0.0211947 0)
(2.40817 0.000945522 0)
(2.50459 0.00119902 0)
(2.61632 0.00105981 0)
(2.67833 0.000382435 -3.228e-21)
(2.68561 -0.0245524 0)
(2.91645 -0.0499749 0)
(3.12011 -0.00267251 -5.13214e-21)
(3.22067 -0.00194726 -5.18822e-21)
(3.35461 -0.0020179 0)
(3.46082 -0.00199456 0)
(3.60848 -0.00312427 0)
(3.85663 0.0637507 -5.46225e-21)
(3.81782 0.0347265 0)
(3.90148 0.00133549 0)
(4.03218 0.00156579 0)
(4.15412 0.0013519 0)
(4.24903 0.00120127 -3.55652e-21)
(4.34215 0.00128412 0)
(4.45291 0.00139843 0)
(4.56878 0.00106831 -3.5476e-21)
(4.62496 0.000979578 3.53913e-21)
(4.71722 0.00114863 -3.52565e-21)
(4.81221 0.000782335 0)
(4.8414 0.000534134 0)
(4.89015 0.000401445 -3.47046e-21)
(4.89921 5.42149e-05 0)
(4.88815 0.00013839 0)
(4.90624 0.000738191 -3.397e-21)
(5.00529 0.000490298 3.36525e-21)
(4.99554 -0.000193132 -3.33565e-21)
(4.96497 -0.00031544 0)
(4.93726 -0.000675259 0)
(4.83136 -0.00140796 0)
(4.69949 -0.0431622 0)
(5.10201 0.054014 -4.8953e-21)
(4.33047 0.000427544 -3.15401e-21)
(4.98702 -0.198033 4.69011e-21)
(0.900392 0.000170436 -2.44987e-22)
(4.83158 0.0123045 0)
(4.74069 0.001701 4.64757e-21)
(4.66762 0.00178397 -4.60048e-21)
(4.56519 0.00159715 0)
(4.5237 0.00122134 -4.50992e-21)
(0.151147 0.00348727 -1.55456e-23)
(3.99452 0.000653147 2.87805e-21)
(4.22219 -0.103379 -4.33276e-21)
(4.31061 0.100188 4.38758e-21)
(3.89094 0.0334525 -2.80087e-21)
(3.65233 -0.0335758 -2.78178e-21)
(3.92447 -0.0924816 0)
(3.95085 0.0893805 -4.23611e-21)
(3.54556 0.00046689 -2.71872e-21)
(3.78717 -0.00186334 4.13224e-21)
(3.49836 0.0299408 -2.67756e-21)
(3.33368 -0.0302952 2.66315e-21)
(3.62273 -0.00147063 -4.04757e-21)
(3.34103 0.0285473 -2.62619e-21)
(3.19293 -0.0286662 2.61501e-21)
(3.40109 -0.00261199 -3.96996e-21)
(3.10721 0.000633784 0)
(3.19553 -0.0693129 0)
(3.18967 0.000638945 -3.909e-21)
(3.13407 0.000997539 3.88834e-21)
(3.09378 0.000828195 -3.87e-21)
(3.0521 0.0005882 -3.85047e-21)
(3.04956 -7.17511e-05 3.83387e-21)
(3.07931 0.061023 -3.8419e-21)
(2.82416 0.000374164 0)
(2.96142 -0.0605663 0)
(3.04925 0.0590701 -3.78649e-21)
(2.80048 0.000306705 2.45441e-21)
(2.95152 -0.0592806 -3.6933e-21)
(3.02546 0.0580584 0)
(2.81514 0.000195318 0)
(2.96514 -0.00141786 -3.65747e-21)
(2.76391 0.000290881 0)
(2.8843 -0.0559337 0)
(2.91973 0.0539596 -3.62226e-21)
(2.70059 0.000348842 2.35229e-21)
(2.81107 -0.000350103 -3.5559e-21)
(2.66621 0.0222473 2.32596e-21)
(2.56022 -0.00108048 0)
(2.46201 -0.0211365 -2.30284e-21)
(2.50636 -0.0463767 3.45237e-21)
(2.46547 0.00108299 0)
(2.4202 0.0466076 0)
(2.23656 0.0188065 0)
(2.1627 -0.000688483 -2.23296e-21)
(2.09481 -0.0178708 0)
(2.18294 -0.0423008 0)
(2.16761 0.000796188 0)
(2.12725 0.000868281 -3.26619e-21)
(2.10668 0.000495229 0)
(2.10553 0.000349689 0)
(2.0963 0.000346937 0)
(2.09186 0.000564987 -3.11658e-21)
(2.06017 0.000685317 3.07555e-21)
(2.04133 0.000729106 3.03315e-21)
(2.00938 0.000732155 0)
(1.99554 0.000530438 -2.94406e-21)
(1.98226 0.000564426 0)
(1.95978 0.000782497 0)
(1.92646 0.000543266 0)
(1.93201 0.000141761 0)
(1.91711 0.000496431 -2.69434e-21)
(1.89345 0.00107521 0)
(1.82472 0.0777381 0)
(1.32944 0.000216441 -1.60091e-21)
(1.78165 -0.0753653 0)
(1.74531 0.00790738 0)
(60.5513 0.00129026 0)
(1.71164 0.0346868 0)
(1.46701 0.000359738 -1.49662e-21)
(1.65648 -0.0421167 0)
(0.718544 0.00107154 0)
(21.4111 0.431594 0)
(1395.78 0.515709 4.5504e-18)
(20.7597 -0.392959 -4.3803e-20)
(20.5664 0.00533385 0)
(0.675773 -0.000649622 0)
(0.362353 0.000312683 0)
(19.6152 -0.147518 0)
(23.1361 -0.00525331 0)
(1.37287 0.00657903 -1.68145e-21)
(1.35998 -0.000366717 1.64521e-21)
(1.33831 0.00119808 0)
(1.30699 0.00138456 0)
(1.25033 0.00104153 0)
(1.20275 0.00045994 -1.43865e-21)
(1.16167 0.000282336 1.40153e-21)
(1.12655 0.000796278 0)
(1.09808 0.00129134 -1.30133e-21)
(1.07856 0.000486417 1.23619e-21)
(1.06837 -0.000173267 -1.19341e-21)
(1.06161 0.00120337 0)
(1.05067 0.000668427 0)
(1.06028 -0.000348925 -1.00818e-21)
(1.05047 0.000762102 0)
(1.01623 0.00167551 -8.86858e-22)
(0.947482 0.00159922 8.23476e-22)
(0.83805 0.000127188 -8.03897e-22)
(11.3254 0.0225393 0)
(25.3681 0.0346574 -7.97087e-21)
(2.31351 -0.00707025 0)
(0.732498 -0.00452407 0)
(1.20656 0.00154949 -9.30278e-23)
(0.640623 0.000689464 1.16174e-22)
(1.02997 0.000735929 -2.00598e-23)
(0.991563 0.00187715 0)
(0.587741 0.00162629 0)
(0.531924 0.001871 0)
(0.340866 0.00238346 3.41063e-23)
(0.259759 0.00165169 0)
(0.158359 0.00147423 0)
(0.104283 0.00224335 0)
(-0.00888592 0.000719053 -1.66714e-23)
(-0.0870051 0.00102956 0)
(-0.180481 0.00142544 0)
(-0.277955 0.00103409 0)
(-3.96665 0.00754092 0)
(-0.375078 -0.00463831 0)
(-0.493505 -0.00306832 -7.1079e-23)
(-0.650452 -0.00157758 0)
(-0.973746 0.00417787 0)
(-14.9476 -0.0456213 -5.44949e-21)
(-1.3416 0.000527632 1.7269e-22)
(-1.52424 -0.00173785 0)
(-1.56133 -0.000439197 -1.80954e-22)
(-19.9174 0.176603 -6.03273e-21)
(-20.3167 -0.0057741 0)
(-1.3834 0.0025611 -2.70333e-22)
(-1.44466 0.000476687 0)
(-1.47246 -0.000265234 -2.6226e-22)
(-1.42373 -0.0014834 0)
(-1.21331 -0.00157069 0)
(-1.0126 -0.00149201 0)
(-0.856133 -0.00119212 0)
(-0.750056 -0.000672226 0)
(-1.13923 -0.000567718 0)
(-1.03775 -0.000457297 0)
(-0.608515 -0.00056593 0)
(-0.560776 0.000185552 3.03816e-22)
(-0.709599 0.000540693 0)
(-0.786425 -0.00526627 0)
(-0.895912 6.42463e-05 0)
(-0.92475 0.00549236 0)
(-0.835688 -0.000178782 -3.64044e-22)
(-0.854002 0.00047982 -3.40978e-22)
(-1.00508 -0.000248878 0)
(-0.783012 -0.000517204 0)
(-0.781384 0.000528802 2.2366e-22)
(-1.06047 0.000537776 -1.93418e-22)
(-1.20633 -0.00186568 -5.92633e-23)
(-0.103107 -0.00175416 0)
(0.54558 0.0010275 -2.58102e-22)
(1.10971 -0.00142574 0)
(1.41874 -0.00533616 1.21642e-21)
(1.61806 -0.000490853 0)
(1.69344 0.00641294 0)
(1.63651 0.00254872 9.53158e-22)
(1.60141 -0.000120214 0)
(1.49634 -0.00209059 -9.56441e-22)
(1.41053 -0.00488835 0)
(1.24579 0.00046707 0)
(1.08196 0.000369472 0)
(0.230509 0.000148595 0)
(0.695573 0.00081684 0)
(0.447971 0.000776467 0)
(0.15673 0.000820755 0)
(-0.132821 0.000698705 0)
(-5.78243 0.0116412 0)
(-0.810349 -0.00208663 0)
(-1.32612 0.000289435 -1.41237e-21)
(-1.69405 -0.00050317 0)
(-1.91161 7.27573e-05 1.31939e-21)
(-2.18339 0.00305809 1.87198e-21)
(-0.981919 -0.00246554 0)
(0.258325 -0.000992263 0)
(0.0882555 0.000668123 0)
(-0.418136 0.000980352 4.96614e-21)
(-1.05834 0.000736048 0)
(-1.44445 0.000250847 5.93388e-21)
(-1.48655 -0.000385165 0)
(-1.23739 -0.000808054 -7.79424e-21)
(-8.06644 -0.0123818 0)
(0.16776 -0.00118288 0)
(0.735742 -0.000616268 0)
(1.19676 -0.000187214 -1.80473e-20)
(1.33733 0.000105554 0)
(1.12351 0.000574152 -1.34043e-20)
(0.730886 0.000601843 -1.08149e-20)
(0.135116 0.00105094 8.3111e-21)
(-0.65432 0.00071677 0)
(-0.947304 0.000425528 4.29844e-21)
(-17.9072 0.00425346 0)
(-1.55523 -0.00014033 0)
(-0.903821 -0.000422484 -1.57998e-21)
(-0.529724 -0.000162019 0)
(-0.52144 -2.29385e-05 2.02801e-21)
(-0.496669 8.54019e-05 0)
(-0.77098 0.000144192 0)
(-0.262704 -9.31895e-05 1.04977e-22)
(-0.222292 -0.000194133 0)
(-0.213771 -0.000116882 -2.43284e-21)
(-0.0851408 -0.000315395 0)
(0.316587 -0.000460041 0)
(0.790306 -0.000254408 0)
(0.923647 -0.000102244 0)
(0.930232 -1.27862e-05 0)
(0.842603 7.13109e-05 0)
(1.19542 6.75306e-05 -2.44194e-21)
(0.625148 8.92715e-05 0)
(0.497549 8.08748e-05 0)
(0.3382 6.72596e-05 1.22557e-20)
(0.242617 8.90982e-05 0)
(0.0239292 8.08037e-05 1.1107e-20)
(-0.0237112 0.000107956 0)
(-0.377643 -6.6235e-05 0)
(0.497254 0.00020071 1.92896e-20)
(-1.50471 0.000421896 0)
(-1.07525 -0.00147488 0)
(5.97043 0.000800802 0)
(-7.84394 -0.000581228 -1.80787e-20)
(-13.8355 -0.000252874 0)
(61.6759 0.128377 0)
(-0.566429 -0.000572 1.05618e-20)
(2.33827 -0.000722804 1.53235e-20)
(1.29246 0.000306455 -1.57156e-20)
(-0.0158957 0.000851194 0)
(-2.87061 0.000704986 -2.41691e-20)
(-2.26241 0.000615198 0)
(-3.68263 0.000795837 0)
(-5.37675 0.000124254 0)
(-1.68936 -0.000216489 -1.05729e-20)
(-1.8449 0.000581543 -7.61363e-21)
(-2.49325 -0.0011294 0)
(-3.15789 0.000848936 1.72932e-20)
(-3.83466 0.00237595 2.26085e-22)
)
;
    }
    lowerWall
    {
        type            calculated;
        value           nonuniform List<vector> 
1064
(
(-2.42323 -0.000611459 0)
(-3.15702 -0.000681541 0)
(-4.74711 0.000739503 0)
(-7.4699 0.0017888 0)
(-10.2946 0.000598828 0)
(-11.6861 0.000300624 0)
(-12.3309 5.29162e-05 0)
(-11.9766 -0.000295701 0)
(-10.1914 -0.000382867 0)
(-9.26643 -0.000327275 0)
(-7.94382 -0.000545787 0)
(-5.51819 -0.00132356 0)
(-2.08413 -0.00232248 0)
(0.922905 1.44479e-06 0)
(1.36458 0.000106455 0)
(-0.152363 -0.00024593 0)
(-1.59247 -0.00058281 0)
(-2.12785 -0.000172487 0)
(-2.18731 0.00143204 0)
(-2.05879 -2.42921e-05 0)
(-2.37788 -0.00144128 0)
(-2.0991 0.000221834 0)
(-1.6086 0.00115273 0)
(-1.37634 0.00030849 0)
(-1.02162 -0.000224457 0)
(-0.185167 -0.000410776 0)
(0.128872 -8.51531e-05 0)
(-0.453257 -0.000187543 0)
(-0.514355 2.62898e-05 0)
(-0.361344 6.47936e-06 0)
(-8.19729 -0.0046374 0)
(-1.40903 0.000856319 0)
(-1.80912 -0.000108608 0)
(-2.44263 -0.00166345 0)
(-2.89952 -0.000176689 0)
(-3.0055 0.00274232 0)
(-4.12482 0.00145405 0)
(-6.32474 0.000843662 0)
(-8.77401 0.000877025 0)
(-11.0316 0.000794083 0)
(-12.9121 0.000683442 0)
(-14.492 0.000609207 0)
(-15.9155 0.000503346 0)
(-16.9058 0.000284283 0)
(-17.2195 -5.45213e-06 0)
(-16.8336 -0.000230131 0)
(-16.1236 -0.000570261 0)
(-14.1007 -0.00102103 0)
(-11.1949 -0.00110582 0)
(-8.85676 -0.00135851 0)
(-4.73278 -0.00200831 0)
(-1.58743 -0.00155678 0)
(-1.61792 -0.000210149 0)
(-3.00126 -0.00179602 0)
(-1.73497 0.000926278 0)
(-0.702785 0.000501707 0)
(-0.684833 -3.18531e-05 0)
(-0.750639 0.00217517 0)
(-0.686016 -0.000186552 0)
(-2.21392 -0.0018571 0)
(-2.28862 0.000106781 0)
(-1.95451 0.000367927 0)
(-1.41531 -3.1262e-05 0)
(-372.163 0.0952507 0)
(-9.24095 0.00390414 0)
(-0.6721 0.000122001 0)
(-0.208896 0.000173256 0)
(-0.272851 -0.000206168 0)
(-9.74985 0.00989349 0)
(-0.87835 0.000163307 0)
(0.333525 0.000744612 0)
(2.64405 -0.00187204 0)
(2.89924 -0.00015022 0)
(1.63971 0.00185987 0)
(0.532478 -0.000958465 0)
(-0.431663 -0.000618226 0)
(-0.76588 -8.14109e-05 0)
(-9.01246 -0.000880914 0)
(-0.87484 -0.000188861 0)
(-0.995943 0.000109365 0)
(-0.291276 0.00013053 0)
(-0.379944 3.60511e-05 0)
(-0.603398 0.000288022 0)
(0.146066 0.00105314 0)
(1.36929 0.000610432 0)
(1.39488 -0.000457027 0)
(0.586807 -0.00083382 0)
(-0.223417 0.000207146 0)
(-0.905704 0.000420733 0)
(-1.42242 0.00026595 0)
(-1.85268 0.000424459 0)
(-2.91606 0.00049256 0)
(-3.51112 0.000162611 0)
(-3.42998 -0.000122701 0)
(-3.05772 -0.000152758 0)
(-2.89118 -0.00148912 0)
(-2.99711 -0.00404904 0)
(-3.16165 0.000122342 0)
(-2.76687 0.000389684 0)
(-2.50487 -7.48786e-05 0)
(-2.89851 0.00417152 0)
(-3.39427 0.00196283 0)
(-4.35637 0.000462481 0)
(-4.84051 0.000799461 0)
(-6.83597 0.000784179 0)
(-7.35553 -0.00163835 0)
(-2.12259 -0.00251645 0)
(-0.554453 -0.0015872 0)
(0.945122 -0.0019915 0)
(3.72233 0.000671685 0)
(4.23214 0.00510802 0)
(4.41394 -0.00594565 0)
(4.06013 -0.00233581 0)
(3.91391 7.48434e-05 0)
(3.85212 6.15368e-05 0)
(3.75094 4.41536e-05 0)
(3.72491 6.92336e-05 0)
(3.56709 0.000379436 0)
(2.72153 0.00107315 0)
(0.767581 0.000521134 0)
(1.34552 -0.00170248 0)
(5.34215 -0.0020159 0)
(6.34765 -0.000109224 0)
(5.65564 0.000207363 0)
(5.81322 -0.000104716 0)
(5.91417 -8.73185e-05 0)
(6.01618 -5.39963e-05 0)
(6.04224 8.08978e-06 0)
(5.98773 7.1649e-05 0)
(5.87335 0.000134277 0)
(5.66515 0.000225666 0)
(5.3469 0.000300332 0)
(4.96084 0.000374469 0)
(4.47819 0.000443994 0)
(3.92919 0.000519798 0)
(3.27469 0.000524589 0)
(2.70869 0.00203551 0)
(2.21552 0.00423934 0)
(1.55017 -0.00120984 0)
(0.375443 -0.000412628 0)
(0.363348 -0.00113295 0)
(-2.5051 -0.012875 0)
(-0.629115 -0.000796573 0)
(-1.02357 -0.000715357 0)
(-1.36599 -0.00057011 0)
(-1.63368 -0.000360043 0)
(-1.76293 0.00342081 0)
(-1.69234 3.8449e-06 0)
(-1.7075 -0.00348649 0)
(-1.6728 -4.58118e-05 0)
(-1.73397 -0.000317259 0)
(-1.97581 -0.000600103 0)
(-2.32972 -0.000599585 0)
(-2.58269 -0.000308873 0)
(-2.65438 2.3898e-05 0)
(-2.58218 0.000214438 0)
(-2.47115 0.00551716 0)
(-2.2207 7.69289e-05 0)
(-2.20884 -0.00020369 0)
(-1.96437 6.66766e-05 0)
(-1.9668 -0.000145423 0)
(-1.73952 0.00156325 0)
(-1.68052 -4.09105e-05 0)
(-1.68509 -0.00158547 0)
(-1.84605 -0.00457339 0)
(-1.93957 0.00474795 0)
(-1.90908 0.00182843 0)
(-2.02324 0.000171506 0)
(-2.21309 0.000262142 0)
(-2.47519 0.000333532 0)
(-2.78256 0.000337547 0)
(-3.03723 0.000273603 0)
(-3.23603 0.000174007 0)
(-3.3123 4.79479e-05 0)
(-3.31045 -0.000104988 0)
(-3.1252 -0.00336815 0)
(-3.28497 -0.0088417 0)
(-2.88983 0.00786917 0)
(-2.1334 0.0022761 0)
(-1.79536 -0.00187263 0)
(-1.22379 -0.00319121 0)
(-0.224701 0.00356167 0)
(-1.73455 6.16995e-05 0)
(-8.831 -0.123395 0)
(3.65508 0.0018791 0)
(4.17429 0.00925437 0)
(3.81893 -0.0106542 0)
(3.08866 -0.000595653 0)
(2.29773 0.00230792 0)
(1.55064 -0.00145965 0)
(0.740906 -0.000324983 0)
(2.11166 -0.00267752 0)
(4.50684 0.00359612 0)
(4.65288 0.013192 0)
(3.54606 -0.0118466 0)
(2.96688 -0.00344339 0)
(2.39607 0.000969476 0)
(1.65328 0.00209107 0)
(0.601732 0.00360803 0)
(0.528218 -0.00506519 0)
(2.61161 -0.00237121 0)
(2.58458 0.00117854 0)
(1.07 0.00220872 0)
(0.405448 0.00226841 0)
(0.290346 -0.000310598 0)
(-0.46369 -0.000430885 0)
(-0.696757 0.000573224 0)
(0.665167 -0.000723704 0)
(1.33741 0.000986155 0)
(0.960721 0.00331623 0)
(0.692901 0.000568863 0)
(-1.23481 -0.000937583 0)
(-1.30143 -0.00501367 0)
(2.08999 -0.0024733 0)
(3.69303 -0.00216689 0)
(4.3873 -0.000842179 0)
(4.57896 -0.000184702 0)
(4.53214 0.00698186 0)
(4.66077 -6.52663e-06 0)
(4.26485 -0.00654793 0)
(4.09291 0.000307279 0)
(3.92681 0.00629034 0)
(3.8753 0.000949256 0)
(3.39141 -0.00527416 0)
(3.06348 0.000633807 0)
(2.7498 0.000514352 0)
(2.55529 0.000204821 0)
(2.54068 -1.16231e-05 0)
(2.56638 5.01416e-05 0)
(2.48734 0.000331464 0)
(2.24761 0.00385268 0)
(1.98318 0.00156477 0)
(1.56959 -0.000356649 0)
(1.37072 0.00590799 0)
(1.09409 -0.00132074 0)
(0.307398 -0.000316508 0)
(0.715844 0.00136257 0)
(1.35815 -0.00600917 0)
(1.74992 0.000435138 0)
(1.99105 0.00887482 0)
(1.95807 -0.000167234 0)
(1.93403 -0.000345421 0)
(1.81398 -0.00084051 0)
(1.56477 -0.00129443 0)
(1.24837 -0.0060501 0)
(0.812281 -0.000625272 0)
(0.123243 0.000627233 0)
(-3.03964 0.0111326 0)
(-0.623754 -0.000115647 0)
(-0.38522 3.87529e-05 0)
(0.688624 0.00441366 0)
(1.46543 0.0026654 0)
(1.71902 0.00121576 0)
(1.85285 -0.0147615 0)
(1.69986 -0.00538491 0)
(1.56884 0.000662767 0)
(1.35887 0.000986015 0)
(1.07066 0.00377885 0)
(0.823384 0.00741261 0)
(0.575414 -0.00270855 0)
(1.03866 -0.00512401 0)
(0.203452 -0.000941999 0)
(0.0380041 -0.00121536 0)
(-0.0287307 -0.000573088 0)
(-0.0881241 -0.000140273 0)
(-0.0608173 0.000167419 0)
(-0.24294 0.0012823 0)
(0.00107439 0.00068271 0)
(0.0828922 0.000928321 0)
(0.168533 0.000898152 0)
(0.249655 0.00024364 0)
(3.61393 0.00145164 0)
(0.235548 3.02103e-05 0)
(0.257825 -0.000254444 0)
(0.158629 -0.00145447 0)
(0.012227 -0.00433337 0)
(-0.269927 -0.00119291 0)
(-3.16687 -0.0140967 0)
(-0.366976 -0.000955909 0)
(-0.427914 -0.000953672 0)
(-0.526969 -0.000888384 0)
(-0.570649 -0.000434475 0)
(-0.602454 -0.000315383 0)
(-0.6273 -0.000190884 0)
(-0.639714 -0.000176851 0)
(-0.663024 -0.000153658 0)
(-0.694371 -0.000252819 0)
(-0.738677 -0.000433401 0)
(-0.77312 -0.000321171 0)
(-0.79468 -0.000204615 0)
(-0.808395 -0.000142783 0)
(-0.818562 -0.000166505 0)
(-0.833825 -0.00274869 0)
(-1.3433 -0.00052157 0)
(-0.824606 0.0229666 0)
(-0.366558 0.00578139 0)
(-0.854035 -0.000326964 0)
(-0.952411 0.00584472 0)
(-0.695548 -7.22558e-05 0)
(-13.195 -0.0574558 0)
(-0.79945 0.00544495 0)
(-0.964976 -0.0050648 0)
(-1.0826 0.00107834 0)
(-1.01453 -0.00014157 0)
(-1.10905 0.000560937 0)
(-1.02437 0.00600151 0)
(-0.980107 -0.00645087 0)
(-2.55087 -0.0323594 0)
(-0.800939 0.00307946 0)
(-0.675077 0.00217183 0)
(-0.435456 0.00390649 0)
(-0.119241 0.00437934 0)
(0.090598 0.00243826 0)
(0.221826 0.00124722 0)
(0.263534 0.000512991 0)
(0.265182 0.000318406 0)
(0.306384 0.000798378 0)
(0.362566 0.000897303 0)
(0.416447 0.000909347 0)
(0.473773 0.000707997 0)
(0.502672 0.000199335 0)
(0.504352 -0.000282427 0)
(0.495393 -0.000350133 0)
(0.471323 -0.000475562 0)
(0.432133 -0.000452216 0)
(0.448032 -0.000245492 0)
(0.432382 0.000295183 0)
(0.508464 0.000571264 0)
(0.532289 0.000780244 0)
(0.655599 0.00110899 0)
(0.706827 0.00135346 0)
(0.359794 0.000385833 0)
(0.825988 0.000451959 0)
(12.3618 0.00726933 0)
(12.9537 -0.325374 0)
(0.804187 -0.000120946 0)
(12.0557 0.299967 0)
(9.85406 -0.0611816 0)
(0.403393 -0.00531223 0)
(0.182062 -0.00495695 0)
(-0.0570908 0.000432083 0)
(-0.283482 0.00296001 0)
(-0.504052 0.00159595 0)
(-0.584011 -0.00528829 0)
(-0.653666 0.000206527 0)
(-0.689718 0.00663501 0)
(-0.708634 -0.00642422 0)
(-0.256611 -0.000842906 0)
(-0.460677 0.000425125 0)
(-0.560017 0.0112129 0)
(1.26827 0.0189345 0)
(-2.98101 0.185325 0)
(-0.000103775 -0.0518298 0)
(-0.00215313 -0.0446199 0)
(-0.00395493 -0.035762 0)
(-0.00561034 -0.0342293 0)
(-0.00729197 -0.0326538 -1.00638e-23)
(-0.00896358 -0.0310036 -2.37269e-25)
(-0.0106093 -0.0292582 -1.14496e-23)
(-0.0122173 -0.0274048 4.68312e-23)
(-0.0137727 -0.0254351 -7.40703e-23)
(-0.0152591 -0.0233439 5.1339e-23)
(-0.0166583 -0.0211285 0)
(-0.0179516 -0.018788 0)
(-0.0191192 -0.0163238 0)
(-0.0201415 -0.0137402 -0)
(-0.0209989 -0.0110448 1.30161e-22)
(-0.0216719 -0.00824943 -1.35148e-22)
(-0.0221412 -0.00537072 0)
(-0.0223875 -0.00243081 -2.95249e-22)
(-0.0223913 0.000542491 3.07305e-22)
(-0.0221333 0.00351551 -3.20498e-22)
(-0.0215951 0.00644895 3.34071e-22)
(-0.0207595 0.00929827 -0)
(-0.0196119 0.0120145 7.23577e-22)
(-0.0181413 0.014545 -7.55529e-22)
(-0.0163409 0.0168353 7.8379e-22)
(-0.0142097 0.0188298 -8.19035e-22)
(-0.0117534 0.0204736 -0)
(-0.00898525 0.0217148 0)
(-0.00592591 0.0225069 0)
(-0.00260448 0.0228109 0)
(0.00094214 0.0225963 0)
(0.00466952 0.0218426 -0)
(0.00852664 0.0205402 2.15735e-21)
(0.0124573 0.0186899 -4.50079e-21)
(0.0164012 0.0163025 2.34555e-21)
(0.0202962 0.0133979 0)
(0.0240796 0.0100039 0)
(0.0276905 0.00615232 0)
(0.0310703 0.00187607 0)
(0.0341634 -0.00278996 0)
(0.0369191 -0.00780682 0)
(0.0392929 -0.0131343 -6.20656e-21)
(0.0412468 -0.0187354 1.94321e-20)
(0.0427477 -0.0245754 -1.35267e-20)
(0.0437673 -0.0306174 0)
(0.0442823 -0.0368215 -1.47393e-20)
(0.0442747 -0.0431495 1.53941e-20)
(0.0437285 -0.049564 -0)
(0.0426272 -0.0560212 1.6796e-20)
(0.040955 -0.0624678 -1.75316e-20)
(0.0386959 -0.0688441 0)
(0.0358318 -0.0750798 -1.91012e-20)
(0.0323413 -0.0810888 1.99078e-20)
(0.0282011 -0.0867661 -4.15334e-20)
(0.0233872 -0.0919832 4.32535e-20)
(0.0178769 -0.096587 0)
(0.0116654 -0.100526 0)
(0.00470866 -0.103486 0)
(-0.00299857 -0.105016 -5.12341e-20)
(-0.0113968 -0.104751 5.3289e-20)
(-0.0204269 -0.102809 0)
(-0.029928 -0.0986072 0)
(-0.039712 -0.0918172 -0)
(-0.0495151 -0.0820524 1.29178e-19)
(-0.0588995 -0.0688098 -1.37351e-19)
(-0.0671025 -0.0514482 -0)
(-0.0726953 -0.0292134 0)
(-0.0732596 -0.00195911 0)
(-0.0658519 0.0280228 0)
(-0.0499527 0.054926 0)
(-0.0304028 0.0729725 0)
(-0.0157375 0.0820043 0)
(-0.0109152 0.087302 0)
(-0.0144242 0.0944568 0)
(-0.0211309 0.1057 0)
(-0.0270696 0.120488 0)
(-0.0316406 0.13755 -2.9535e-19)
(-0.0353868 0.156893 5.24403e-19)
(-0.0387079 0.178778 -2.32391e-19)
(-0.0420833 0.203334 0)
(-0.0460996 0.230948 1.81108e-19)
(-0.0512517 0.262331 -1.59631e-19)
(-0.0576136 0.298448 0)
(-0.064389 0.340247 0)
(-0.0694708 0.38788 0)
(-0.0693132 0.439267 -1.00011e-19)
(-0.0599934 0.488005 9.21352e-20)
(-0.041217 0.523306 0)
(-0.0201712 0.537533 0)
(-0.00788033 0.535593 0)
(-0.0103417 0.533458 -1.62621e-19)
(-0.023834 0.546297 1.60361e-19)
(-0.0391446 0.578873 0)
(-0.0486506 0.628431 -1.46075e-19)
(-0.0497855 0.688178 1.35913e-19)
(-0.0428192 0.747714 0)
(-0.0312356 0.788954 0)
(-0.0187908 0.8156 0)
(-0.00657851 0.83102 0)
(0.0062911 0.836957 0)
(0.0209325 0.831549 -2.14402e-19)
(0.0367222 0.815132 1.77371e-21)
(0.053797 0.787596 2.17464e-19)
(0.0723213 0.748822 0)
(0.0923719 0.698755 0)
(0.114068 0.63735 0)
(0.137546 0.564559 0)
(0.16282 0.479741 0)
(0.191088 0.387284 -3.2734e-19)
(0.222041 0.288839 4.13415e-19)
(0.25629 0.183051 0)
(0.290217 0.0627997 6.45408e-19)
(0.324004 -0.0624382 -6.14085e-19)
(0.357592 -0.205146 0)
(0.380599 -0.357859 0)
(0.392184 -0.515196 0)
(0.390778 -0.674137 0)
(0.388702 -0.856634 0)
(0.37094 -1.03507 0)
(0.342857 -1.20539 0)
(0.304415 -1.36153 0)
(0.267912 -1.50175 0)
(0.228794 -1.63067 0)
(0.188282 -1.74196 0)
(0.149407 -1.83524 0)
(0.112845 -1.91114 0)
(0.0787664 -1.97061 -1.22708e-19)
(0.0473252 -2.01476 1.21452e-19)
(0.0183335 -2.04512 0)
(-0.00846711 -2.06325 0)
(-0.0335387 -2.07098 0)
(-0.0573355 -2.06951 0)
(-0.0797954 -2.0601 0)
(-0.10111 -2.04418 -0)
(-0.121309 -2.02286 1.37936e-19)
(-0.140286 -1.99686 -1.39055e-19)
(-0.158135 -1.96712 1.43194e-19)
(-0.174809 -1.9344 -1.44772e-19)
(-0.190354 -1.89932 1.4898e-19)
(-0.204812 -1.86242 -3.02997e-19)
(-0.218243 -1.82416 3.0941e-19)
(-0.230716 -1.78491 -1.57554e-19)
(-0.242303 -1.74501 -0)
(-0.253076 -1.70473 0)
(-0.263101 -1.6643 0)
(-0.272436 -1.6239 -8.63648e-20)
(-0.281131 -1.58371 8.79727e-20)
(-0.289225 -1.54386 0)
(-0.296746 -1.50445 -0)
(-0.303716 -1.46559 9.45022e-20)
(-0.310147 -1.42736 -9.64432e-20)
(-0.316048 -1.38983 9.89645e-20)
(-0.321425 -1.35305 -2.02361e-19)
(-0.326275 -1.31709 1.03478e-19)
(-0.330615 -1.28197 -1.06126e-19)
(-0.334391 -1.24772 1.08473e-19)
(-0.337813 -1.2144 1.11183e-19)
(-0.340542 -1.18144 8.3647e-23)
(-0.342354 -1.14906 2.59261e-23)
(-0.343675 -1.1177 -2.23167e-19)
(-0.344368 -1.08763 1.1027e-19)
(-0.344521 -1.05901 0)
(-0.344328 -1.03183 0)
(-0.34406 -1.00641 -0)
(-0.343868 -0.982734 1.05028e-19)
(-0.343964 -0.960898 -2.07988e-19)
(-0.344571 -0.940989 2.06033e-19)
(-0.345915 -0.923054 -1.0216e-19)
(-0.348205 -0.907062 -0)
(-0.351616 -0.892823 -5.08018e-20)
(-0.356221 -0.879855 1.01381e-19)
(-0.361952 -0.867538 -1.01768e-19)
(-0.368683 -0.855446 5.09483e-20)
(-0.376287 -0.843304 -5.2228e-20)
(-0.38461 -0.830855 -8.86766e-22)
(-0.393471 -0.817901 5.30903e-20)
(-0.402675 -0.804341 0)
(-0.412039 -0.790179 0)
(-0.422726 -0.777932 -5.84368e-20)
(-0.435219 -0.768507 5.92792e-20)
(-0.447859 -0.758986 3.15211e-20)
(-0.460594 -0.749433 -6.49442e-20)
(-0.47338 -0.739841 3.35071e-20)
(-0.486159 -0.730124 0)
(-0.498855 -0.720131 0)
(-0.511375 -0.709695 0)
(-0.523622 -0.698683 -2.0592e-20)
(-0.535473 -0.687072 4.2739e-20)
(-0.546738 -0.675109 -2.21952e-20)
(-0.558832 -0.663468 -0)
(-0.571167 -0.653216 -6.21825e-21)
(-0.564695 -0.694351 6.41622e-21)
(-0.0879503 -0.00121932 -0)
(-0.0925786 9.22213e-05 4.48862e-23)
(-0.0213428 0.00114108 0)
(0.100056 0.00147482 0)
(0.243526 0.00122682 0)
(0.322044 0.000499686 0)
(0.33619 -0.000174257 0)
(0.293156 -0.000711387 0)
(0.211114 -0.00109525 0)
(0.0996481 -0.00129742 0)
(-0.0199609 -0.00128797 0)
(-0.135008 -0.0012632 0)
(-0.244135 -0.0011721 0)
(-0.348409 -0.00103567 0)
(-0.438534 -0.00103827 -0)
(-0.539091 -0.000944689 0)
(-0.611563 -0.000871904 0)
(-0.694982 -0.000885682 -4.5786e-23)
(-0.766264 -0.000815519 -4.589e-23)
(-0.836916 -0.000801563 -4.59842e-23)
(-0.906704 -0.000784415 -0)
(-0.975203 -0.000785145 -4.61604e-23)
(-1.04534 -0.000449174 -4.62411e-23)
(-1.11914 -0.000819058 -0)
(-1.18963 -0.0012008 0)
(-1.26225 -0.00082487 0)
(-1.33596 -0.000850255 0)
(-1.41444 -0.000410323 -0)
(-1.4939 -0.000828804 4.61158e-23)
(-1.57222 -0.00133261 -4.68697e-23)
(-1.64992 -0.000901851 -0)
(-1.73415 -0.000988054 -4.70648e-23)
(-1.82632 -0.00107317 -0)
(-1.92481 -0.00113359 0)
(-2.02643 -0.0011669 0)
(-2.12861 -0.0011564 0)
(-2.2251 -0.00114591 0)
(-2.32277 -0.000462159 -4.75873e-23)
(-2.40355 -0.000917398 -4.70848e-23)
(-2.48273 -0.00151771 -4.76131e-23)
(-2.55644 -0.000811866 -0)
(-2.6189 -0.000636602 -4.7494e-23)
(-2.66404 -0.000434873 -4.74147e-23)
(-2.69364 0.000423212 0)
(-2.6945 0.000933541 -4.67384e-23)
(-2.64406 0.000810683 -4.66596e-23)
(-2.54622 -0.000140164 0)
(-2.55608 0.000440108 0)
(-2.47941 0.000974653 4.64963e-23)
(-2.38333 0.000648471 0)
(-2.26224 0.00150452 0)
(-2.12245 0.00134965 -4.7018e-23)
(-4.07314 0.00334661 -0)
(-3.1074 0.00294179 0)
(-1.58362 0.0039498 -4.70364e-23)
(-1.41132 0.00203756 0)
(-1.21969 0.00216308 0)
(-1.02041 0.00220545 -4.69632e-23)
(-0.821063 0.00219793 0)
(-0.626637 0.0021207 0)
(-0.441008 0.00200037 -4.66227e-23)
(-0.267823 0.00183244 0)
(-0.111283 0.00159489 -4.60353e-23)
(0.0239546 0.00143703 4.70302e-23)
(0.135504 0.00112976 -4.61212e-23)
(0.219417 0.000838905 0)
(0.273714 0.000557136 0)
(0.299005 0.000272984 4.54928e-23)
(0.295624 2.30748e-06 -0)
(0.26975 -0.000211028 4.52979e-23)
(0.231684 -0.00029985 0)
(0.19787 -0.000226149 -0)
(0.181815 -7.5715e-05 -0)
(0.180856 -2.25468e-06 4.56387e-23)
(0.180265 -0.000107575 -0)
(0.158997 -0.000362306 4.5918e-23)
(0.110157 -0.000556044 0)
(0.0545756 -0.000488053 -0)
(0.0220579 -0.000210952 -0)
(0.0216256 3.18834e-05 4.38333e-23)
(0.0381634 0.000211025 -4.5441e-23)
(0.0660434 0.000450665 4.63822e-23)
(0.119439 0.000847361 -4.70506e-23)
(0.21239 0.00122225 0)
(0.328161 0.00122706 -4.78654e-23)
(0.4207 0.000758968 0)
(0.454726 7.43207e-05 0)
(0.428112 -0.000551646 -0)
(0.352553 -0.00104275 0)
(0.238199 -0.00140309 -0)
(0.0951517 -0.00159854 -0)
(-0.0658165 -0.00197584 5.15948e-23)
(-0.227325 -0.00175494 0)
(-0.364751 -0.00136112 -0)
(-0.457139 -0.000821378 0)
(-0.49698 -0.000335423 -0)
(-0.501606 -1.07366e-05 5.16796e-23)
(-0.492345 4.32292e-05 5.16653e-23)
(-0.488361 -0.000103376 0)
(-0.500459 -0.000258919 -0)
(-0.527255 -0.000379264 0)
(-0.56315 -0.000393309 0)
(-0.585382 -0.000159434 -5.23128e-23)
(-0.586249 0.00026968 -0)
(-0.538266 0.000725614 0)
(-0.447623 0.00100862 0)
(-0.343939 0.000874026 0)
(-0.291105 0.00032032 0)
(-0.296282 -0.000104436 -5.20677e-23)
(-0.316066 -0.000111156 -0)
(-0.321094 2.58925e-05 0)
(-0.309436 0.000120718 5.23672e-23)
(-0.303679 0.000147257 5.21738e-23)
(-0.28798 0.000232261 0)
(-0.26315 0.000362825 5.25378e-23)
(-0.232024 0.000493358 0)
(-0.186025 0.000713747 0)
(-0.117881 0.000980529 5.29244e-23)
(-0.0265013 0.00119683 0)
(0.0794082 0.0013294 0)
(0.200889 0.00138586 0)
(0.313926 0.00130603 5.3708e-23)
(0.422361 0.00125433 5.40299e-23)
(0.528212 0.00127315 0)
(0.642128 0.00119026 0)
(0.741893 0.000961616 0)
(0.820294 0.00167462 0)
(0.383436 0.000489188 0)
(1.05347 0.000442764 -0)
(1.14804 0.00109132 5.6187e-23)
(1.24328 0.00102524 0)
(1.33496 0.000993869 0)
(1.42591 0.000946916 5.68792e-23)
(1.50964 0.000912947 5.70598e-23)
(1.59524 0.000876384 0)
(1.67296 0.000292603 5.7347e-23)
(1.7507 0.000214753 5.66788e-23)
(1.82131 0.000697799 -5.67579e-23)
(1.89329 0.00123407 -0)
(1.95982 0.00127062 5.75377e-23)
(2.02642 3.45538e-05 -5.75387e-23)
(2.08298 0.0005889 5.67843e-23)
(2.14451 0.00121824 0)
(2.19901 -9.97351e-05 -5.73189e-23)
(2.2498 0.000499315 5.65134e-23)
(2.29963 0.00115568 0)
(2.34767 0.000469633 0)
(2.39058 0.000436951 0)
(2.43247 0.000412451 0)
(2.47068 -0.000337178 5.62319e-23)
(2.50373 0.000328884 0)
(2.53773 0.00103328 -0)
(2.56821 0.000290935 5.54158e-23)
(2.59494 -0.000486377 5.51308e-23)
(2.61582 0.000211921 0)
(2.63894 0.000181612 5.44852e-23)
(2.65376 0.000149962 5.35677e-23)
(2.67087 0.000881155 0)
(2.68369 -0.000653365 0)
(2.69022 -0.000622727 5.25372e-23)
(2.69546 0.000713828 -5.21775e-23)
(2.70141 0.000770797 5.23637e-23)
(2.70302 -1.32581e-05 0)
(2.70171 -0.000804292 0)
(2.6952 -7.01269e-05 5.07058e-23)
(2.69074 0.000668675 0)
(2.68311 -0.000880596 0)
(2.6686 -0.000826738 0)
(2.65465 0.000513483 -0)
(2.64171 0.00056744 4.93433e-23)
(2.6246 -0.000212777 0)
(2.60525 -0.000233686 -0)
(2.58427 -0.0010055 4.82366e-23)
(2.55827 -0.000269554 4.73243e-23)
(2.53517 0.00045035 0)
(2.50868 -0.000314357 4.71072e-23)
(2.48021 -0.000334829 4.67402e-23)
(2.44992 -0.000348855 -4.63761e-23)
(2.41891 -0.000363567 -0)
(2.3859 -0.000372589 4.56578e-23)
(2.35325 -0.000385356 -4.53043e-23)
(2.31784 -0.00112142 4.49662e-23)
(2.27876 -0.000410447 0)
(2.24179 0.000286673 -4.42575e-23)
(2.20582 -0.000411055 4.39327e-23)
(2.16904 -0.00041503 4.36012e-23)
(2.13213 -0.00110269 0)
(2.09272 -0.000409571 4.24362e-23)
(2.05563 -0.000424471 -0)
(2.01539 -0.000396945 4.18105e-23)
(1.98151 0.000270144 0)
(1.94582 -0.000370941 -0)
(1.91538 -0.000356846 4.14366e-23)
(1.88198 -0.000991571 0)
(1.85171 -0.000309989 4.03505e-23)
(1.82332 -0.000306757 4.06005e-23)
(1.79482 -0.000290713 3.98135e-23)
(1.76791 0.000333334 -4.0071e-23)
(1.74181 -0.000282925 3.98321e-23)
(1.71639 -0.000281499 3.95917e-23)
(1.69034 -0.000274903 -0)
(1.66589 -0.000268984 3.91387e-23)
(1.64078 -0.000269338 3.89266e-23)
(1.61606 -0.000263319 -3.87241e-23)
(1.59192 -0.000265304 3.85323e-23)
(1.56657 -0.000264448 3.83509e-23)
(1.54249 -0.000270945 -0)
(1.51565 -0.000279819 3.80228e-23)
(1.48999 0.00157933 0)
(2.87196 -0.000418287 7.84366e-24)
(1.44526 -0.00480923 0)
(1.17009 -0.00020762 -0)
(1.39915 0.00246591 3.74213e-23)
(1.37123 0.00205839 0)
(0.502696 -5.73086e-05 8.02645e-24)
(1.33569 -0.00247961 3.72295e-23)
(1.31 -0.000749867 3.72035e-23)
(1.28857 -0.000193009 -3.66149e-23)
(1.26881 -0.000194029 -0)
(1.24676 -0.000189116 3.66194e-23)
(1.22792 0.00031338 -3.72188e-23)
(1.20868 -0.000674535 3.72798e-23)
(1.18732 -0.000186502 0)
(1.16769 0.0016226 -3.74167e-23)
(0.389843 4.38111e-05 8.3204e-24)
(1.98457 -0.000603608 6.83723e-24)
(1.12593 -0.0010168 -0)
(1.10791 -0.000191033 3.78569e-23)
(1.09353 -0.000126926 3.80227e-23)
(1.07956 0.000216689 0)
(1.86015 -0.000109842 0)
(1.06185 -4.04849e-05 -0)
(1.83307 -0.000145311 7.07449e-24)
(1.03997 -0.000425674 -0)
(1.03064 -6.92973e-05 3.93411e-23)
(1.02227 -6.48356e-05 3.96101e-23)
(1.01395 0.00113657 0)
(0.445156 2.18652e-05 0)
(0.34082 -0.000529535 9.00993e-24)
(0.998817 3.10213e-05 3.94456e-23)
(1.00017 0.000781241 0)
(0.99726 0.000561741 4.1454e-23)
(0.339123 3.62247e-06 0)
(0.995759 1.77686e-05 -4.21391e-23)
(0.339106 -0.000236218 0)
(0.993667 4.31885e-05 4.14236e-23)
(1.00072 0.000804511 0)
(1.00185 3.58495e-05 4.35756e-23)
(1.00508 0.000588252 0)
(0.342495 1.88038e-05 0)
(1.01453 -0.0023278 0)
(13.178 0.00213166 0)
(0.349729 0.000602739 0)
(1.7987 -0.000150875 0)
(1.81401 -2.69267e-05 -0)
(1.04974 -0.00326176 0)
(13.964 0.00112739 0)
(1.86083 0.00120812 8.61078e-24)
(1.04915 0.000100009 0)
(1.89303 0.000683897 -0)
(1.59876 -0.00272373 0)
(0.570703 4.36676e-05 0)
(1.11701 0.00113599 0)
(1.13099 0.00138635 0)
(0.385404 0.000153808 0)
(0.389727 -0.000491939 0)
(15.3637 -0.0014872 0)
(1.17302 0.00288089 0)
(1.18244 8.48002e-05 0)
(1.19301 8.60927e-05 0)
(1.20321 8.08755e-05 0)
(1.21319 7.45916e-05 5.08793e-23)
(1.22251 6.32297e-05 5.10104e-23)
(1.23075 0.00146832 0)
(0.420402 -0.000418179 1.13546e-23)
(16.5564 -0.00271974 0)
(2.19169 0.00238363 -0)
(0.429216 1.69939e-06 1.13854e-23)
(2.21421 -1.79752e-05 9.34126e-24)
(0.432213 5.49515e-05 0)
(0.434229 -0.000130186 -1.13725e-23)
(1.28524 -0.00453723 0)
(17.1149 0.00349438 1.25459e-21)
(0.438458 0.000442004 0)
(1.29451 -0.00156933 5.094e-23)
(1.29487 0.000589799 0)
(0.439494 4.24373e-06 -1.12182e-23)
(1.29566 -0.00464171 0)
(17.2213 -0.000819696 1.23244e-21)
(1.29274 0.00302869 0)
(1.28951 -7.93949e-05 4.97586e-23)
(1.28583 -8.68664e-05 0)
(1.28127 -9.56832e-05 0)
(1.27591 -0.000104027 0)
(1.2697 -0.000112377 0)
(1.26271 -0.000120235 0)
(1.25493 -0.000128051 -0)
(1.24638 -0.000135343 4.75539e-23)
(1.23711 -0.000142675 0)
(1.2271 -0.000149581 -0)
(1.2164 -0.000156291 4.6388e-23)
(1.205 -0.000162554 0)
(1.19295 -0.000168652 0)
(1.18024 -0.000172585 0)
(1.1669 -0.000128473 -0)
(1.15439 0.000702913 0)
(1.44924 -0.000245655 0)
(0.331131 -0.00043635 0)
(1.10865 -0.000196852 0)
(1.09298 -0.000201332 0)
(1.07666 -0.000204595 0)
(1.06013 -0.000207497 0)
(1.0432 -0.000210439 0)
(1.02645 -0.000212697 -0)
(1.00843 -0.000214687 3.99175e-23)
(0.991153 -0.000216513 3.94557e-23)
(0.973086 -0.000217729 0)
(0.954677 -0.000218833 3.84442e-23)
(0.936321 -0.000219654 0)
(0.917785 -0.000220283 0)
(0.899149 -0.000220528 -0)
(0.880408 -0.000220581 3.64617e-23)
(0.861613 -0.000220316 0)
(0.842765 -0.000219925 -3.54811e-23)
(0.823903 -0.000219235 -0)
(0.805041 -0.000218385 0)
(0.786209 -0.000217242 -0)
(0.767423 -0.000216006 3.35577e-23)
(0.748699 -0.000214504 0)
(0.730065 -0.000212899 0)
(0.711531 -0.000211054 -3.21585e-23)
(0.693121 -0.000209205 3.17018e-23)
(0.674826 -0.000207206 0)
(0.656678 -0.000205085 3.08043e-23)
(0.638693 -0.000202736 0)
(0.620884 -0.00020039 2.99293e-23)
(0.603255 -0.000197846 0)
(0.585828 -0.000195284 2.90778e-23)
(0.568606 -0.000192567 0)
(0.551602 -0.000189841 -0)
(0.53482 -0.000187008 2.78467e-23)
(0.518269 -0.000184147 0)
(0.501959 -0.000181236 -0)
(0.485882 -0.000178367 2.66724e-23)
(0.470053 -0.000175243 0)
(0.454502 -0.000172223 -2.59216e-23)
(0.439091 -0.000169184 -0)
(0.424057 -0.000166058 0)
(0.409466 -0.000163098 0)
(0.394718 -0.000159824 0)
(0.380469 -0.000156965 0)
(0.366682 -0.000153865 0)
(0.352762 -0.000150624 0)
(0.339305 -0.000147701 0)
(0.326225 -0.000144605 0)
(0.31331 -0.000141618 0)
(0.300649 -0.000138592 -0)
(0.288264 -0.000135549 2.1949e-23)
(0.276147 -0.000132455 2.16578e-23)
(0.264309 -0.000129433 0)
(0.252725 -0.000126458 0)
(0.241416 -0.000123479 0)
(0.23036 -0.000120553 0)
(0.219576 -0.000117667 -0)
(0.209029 -0.00011488 2.00302e-23)
(0.198746 -0.000112186 0)
(0.188676 -0.000109499 -1.95314e-23)
(0.178876 -0.000106934 -1.92898e-23)
(0.169257 -0.000104321 1.90534e-23)
(0.159922 -0.000101809 -0)
(0.150733 -9.92279e-05 1.85957e-23)
(0.141843 -9.70696e-05 0)
(0.132993 -9.48834e-05 0)
(0.124468 -9.28929e-05 -0)
(0.115917 -9.09117e-05 1.77405e-23)
(0.107711 -8.95714e-05 -0)
(0.0993056 -8.80029e-05 1.73354e-23)
(0.091395 -8.77389e-05 1.71653e-23)
(0.0830175 -8.64742e-05 0)
(0.075237 -8.6723e-05 -0)
(0.0668809 -8.48719e-05 1.66265e-23)
(0.0594217 -8.40531e-05 0)
(0.0513953 -7.93352e-05 -0)
(0.0448617 -7.37516e-05 1.6166e-23)
(0.0382563 -6.36598e-05 0)
(0.0337194 -4.98406e-05 0)
(0.0301716 -3.91985e-05 0)
(0.0274791 -2.1891e-05 0)
(0.0273912 -9.11577e-06 0)
(0.0260073 -2.41402e-05 -1.12275e-21)
(0.0236083 -3.06787e-05 0)
(0.0207276 -3.70132e-05 -1.03529e-21)
(0.0174283 -4.2981e-05 -9.95281e-22)
(0.0133794 -4.63144e-05 -0)
(0.00956873 -5.21054e-05 0)
(0.00550831 -7.22157e-05 0)
(-8.71193e-05 -9.17122e-06 0)
(-0.00467505 -3.4001e-05 -0)
(-0.00963907 -4.09004e-05 1.399e-21)
(-0.0151119 -4.42375e-05 0)
(-0.0207002 -4.62892e-05 0)
(-0.0266877 -4.80114e-05 -0)
(-0.0328337 -4.91701e-05 0)
(-0.0393049 -5.01123e-05 0)
(-0.0459299 -5.06094e-05 -1.1133e-21)
(-0.0527938 -5.09631e-05 0)
(-0.059795 -5.09624e-05 0)
(-0.0669475 -5.07371e-05 0)
(-0.0741782 -5.02758e-05 0)
(-0.0814952 -4.96036e-05 0)
(-0.0888223 -4.86927e-05 0)
(-0.0961881 -4.76253e-05 0)
(-0.103447 -4.62898e-05 -1.54906e-21)
(-0.110617 -4.48686e-05 -1.47969e-21)
(-0.117674 -4.32904e-05 -1.41453e-21)
(-0.124562 -4.17333e-05 0)
(-0.131296 -4.00433e-05 0)
(-0.137823 -3.8264e-05 2.47684e-21)
(-0.144169 -3.63983e-05 0)
(-0.15016 -3.45724e-05 0)
(-0.155901 -3.26773e-05 0)
(-0.161185 -3.08336e-05 -2.0894e-21)
(-0.166387 -2.90684e-05 0)
(-0.171153 -2.73512e-05 0)
(-0.175632 -2.57063e-05 0)
(-0.179751 -2.41296e-05 -1.78538e-21)
(-0.183592 -2.26528e-05 -1.72006e-21)
(-0.187076 -2.12234e-05 -3.31743e-21)
(-0.190297 -1.99713e-05 -3.20209e-21)
(-0.193199 -1.86542e-05 0)
(-0.19581 -1.75888e-05 0)
(-0.198178 -1.6452e-05 0)
(-0.200232 -1.55719e-05 0)
(-0.202135 -1.45968e-05 2.72347e-21)
(-0.203688 -1.38769e-05 0)
(-0.205198 -1.3049e-05 2.57059e-21)
(-0.206304 -1.24579e-05 0)
(-0.207494 -1.17981e-05 -4.87141e-21)
(-0.20823 -1.11733e-05 0)
(-0.209078 -1.07527e-05 0)
(-0.209586 -1.00751e-05 -4.52405e-21)
(-0.210053 -9.64671e-06 4.42125e-21)
(-0.210319 -9.05739e-06 0)
(-0.21046 -8.52749e-06 4.23256e-21)
(-0.210407 -7.87956e-06 -4.14584e-21)
(-0.210164 -7.37434e-06 0)
(-0.209804 -6.64702e-06 0)
(-0.209095 -5.97141e-06 0)
(-0.208279 -5.26637e-06 0)
(-0.207087 -4.52246e-06 -7.53817e-21)
(-0.205741 -3.90395e-06 7.40512e-21)
(-0.204113 -3.20456e-06 0)
(-0.202243 -2.54687e-06 0)
(-0.200112 -2.10619e-06 0)
(-0.197939 -1.63732e-06 6.90826e-21)
(-0.195459 -1.06213e-06 6.79036e-21)
(-0.192821 -6.62403e-07 0)
(-0.190022 -4.31828e-07 -6.55845e-21)
(-0.187241 -2.25218e-07 1.28879e-20)
(-0.184292 2.61566e-07 0)
(-0.18105 4.03312e-07 0)
(-0.178007 2.18114e-07 0)
(-0.175006 3.43089e-07 0)
(-0.171826 3.87833e-07 1.17504e-20)
(-0.168751 4.26895e-07 0)
(-0.165472 6.22842e-07 0)
(-0.162106 4.76468e-07 0)
(-0.158921 2.4502e-07 0)
(-0.155708 2.7718e-07 0)
(-0.152302 -1.63395e-07 -2.0717e-20)
(-0.149469 -7.10308e-07 0)
(-0.146529 -8.19863e-07 0)
(-0.143549 -1.41401e-06 -1.92826e-20)
(-0.141099 -1.99359e-06 0)
(-0.138589 -2.07021e-06 0)
(-0.135897 -2.39929e-06 -1.78269e-20)
(-0.133491 -2.96661e-06 0)
(-0.13128 -3.32603e-06 0)
(-0.129078 -3.82838e-06 3.27481e-20)
(-0.127279 -4.55827e-06 0)
(-0.125878 -5.06638e-06 0)
(-0.124686 -5.23766e-06 -2.99162e-20)
(-0.123528 -5.49363e-06 2.90096e-20)
(-0.122941 -5.22616e-06 0)
(-0.121711 -5.12944e-06 0)
(-0.121467 -5.17895e-06 0)
(-0.120897 -5.54789e-06 0)
(-0.122165 -7.75651e-06 0)
(-0.126605 -4.04214e-06 0)
(-0.123099 -5.69551e-06 -4.74521e-20)
(-0.13208 -2.21232e-06 -4.62513e-20)
(-0.123424 -1.15434e-05 -4.53758e-20)
(-0.151285 -2.7656e-05 -4.42324e-20)
(-0.176981 3.05154e-05 0)
(-0.108053 1.35732e-05 0)
(-0.164817 4.70538e-05 0)
(-0.0369793 0.000144688 -4.36795e-20)
(0.0920935 -7.78365e-05 -0)
(-0.0448929 -2.23801e-05 0)
(-0.0512458 0.000109448 8.0431e-20)
(0.0302859 -0.000100737 -7.79391e-20)
(-0.228333 -9.70284e-05 0)
(-0.143349 3.11285e-05 0)
(-0.0861773 -3.08233e-05 0)
(-0.104318 0.000132143 0)
(-0.458198 0.000268164 -4.31431e-20)
(-1.00426 4.0231e-05 -0)
(-0.619437 0.000328232 -4.06e-20)
(-2.26722 0.000769996 7.43806e-20)
(-3.85608 0.000603106 -6.03001e-20)
(-4.80518 0.000376814 -5.0136e-20)
(-5.27315 0.000254722 4.66741e-20)
(-5.63743 0.000359554 3.92704e-20)
(-6.36945 0.00157316 0)
(-10.8048 0.000483299 -0)
(-8.09216 -0.00351367 0)
(-2.64209 -0.00486936 0)
(-2.85118 0.00136559 0)
(-4.08073 0.00287236 0)
(-13.3229 0.00283968 0)
)
;
    }
    front
    {
        type            empty;
    }
    back
    {
        type            empty;
    }
}


// ************************************************************************* //
