/*--------------------------------*- C++ -*----------------------------------*\
| =========                 |                                                 |
| \\      /  F ield         | OpenFOAM: The Open Source CFD Toolbox           |
|  \\    /   O peration     | Version:  2506                                  |
|   \\  /    A nd           | Website:  www.openfoam.com                      |
|    \\/     M anipulation  |                                                 |
\*---------------------------------------------------------------------------*/
FoamFile
{
    version     2.0;
    format      ascii;
    arch        "LSB;label=32;scalar=64";
    class       cellSet;
    location    "constant/polyMesh/sets";
    object      highAspectRatioCells;
}
// * * * * * * * * * * * * * * * * * * * * * * * * * * * * * * * * * * * * * //


2537
(
0
1
2
327683
3
327684
4
327685
5
327686
6
327687
7
327688
8
327689
9
327690
10
327691
11
327692
12
327693
13
327694
14
327695
15
327696
16
327697
17
327698
18
327699
19
327700
20
327701
21
327702
22
327703
23
327704
24
327705
25
327706
26
327707
27
327708
28
327709
29
327710
30
327711
31
327712
32
327713
33
327714
34
327715
35
36
37
38
39
40
41
42
43
44
45
46
47
48
49
50
51
52
53
54
55
56
57
58
59
60
61
62
63
64
65
66
67
68
69
70
71
72
73
74
75
76
77
78
79
80
81
82
83
84
85
86
87
88
89
90
91
92
93
94
95
4192
96
4193
97
4194
98
4195
99
4196
100
4197
101
4198
102
4199
103
4200
104
4201
105
4202
106
4203
107
4204
108
4205
109
4206
110
4207
111
4208
112
4209
113
4210
114
4211
115
4212
116
4213
117
4214
118
4215
119
4216
120
4217
121
4218
122
4219
123
4220
124
4221
125
4222
126
4223
127
4224
128
4225
129
4226
130
4227
131
4228
132
4229
133
327814
4230
134
327815
4231
135
327816
4232
136
327817
4233
137
327818
4234
138
327819
4235
139
327820
4236
140
327821
4237
141
327822
142
327823
143
327824
144
327825
145
327826
146
327827
147
327828
148
327829
149
327830
150
327831
151
327832
152
327833
153
327834
154
327835
155
327836
156
327837
157
327838
158
327839
327840
160
327841
161
327842
162
327843
163
327844
164
327845
165
327846
166
327847
168
169
170
171
172
173
174
176
177
178
179
180
181
182
184
185
186
187
188
189
192
193
194
195
196
197
200
201
202
203
204
205
208
209
210
211
212
213
216
217
218
219
220
224
225
226
227
228
232
233
234
235
236
240
241
242
243
244
248
249
250
251
256
257
258
259
327944
264
327945
265
327946
266
327947
267
327948
327949
327950
327951
327952
272
327953
273
327954
274
327955
168211
327956
168212
327957
168213
327958
168214
327959
168215
327960
168216
280
327961
168217
281
327962
168218
282
327963
168219
327964
168220
327965
168221
327966
168222
327967
168223
327968
168224
288
327969
168225
289
327970
168226
290
327971
168227
327972
327973
327974
327975
327976
296
327977
297
327978
298
327979
323887
304
305
312
313
90432
320
90433
321
90434
90435
90436
90437
90438
90439
90440
328
90441
329
90442
90443
90444
90445
90446
90447
90448
336
90449
90450
90451
90452
90453
90454
90455
90456
344
90457
90458
90459
90460
90461
90462
90463
90464
352
90465
90466
90467
360
328075
328076
328077
328078
328079
328080
328081
328082
328083
328084
328085
328086
328087
328088
328089
328090
328091
328092
328093
328094
328095
168351
328096
168352
328097
168353
328098
168354
328099
168355
328100
168356
328101
168357
328102
168358
328103
168359
328104
328105
328106
328107
328108
328109
328110
328111
324018
324019
4544
4545
4546
4547
4548
4549
4550
4551
4552
4553
4554
4555
4556
4557
4558
4559
4560
4561
4562
4563
4564
4565
4566
4567
4568
4569
4570
4571
4572
4573
4574
4575
4576
4577
4578
4579
4580
4581
4582
4583
4584
328206
328207
328208
328209
328210
328211
328212
328213
328214
328215
328216
328217
328218
328219
328220
328221
328222
328223
328224
328225
328226
328227
328228
328229
328230
328231
328232
328233
328234
328235
328236
328237
328238
328239
328240
328241
328242
328243
324149
324150
324151
328337
328338
328339
328340
328341
328342
328343
328344
328345
328346
328347
328348
328349
328350
328351
328352
90784
328353
90785
328354
90786
328355
90787
328356
90788
328357
90789
328358
90790
328359
90791
328360
90792
328361
90793
328362
90794
328363
90795
328364
90796
328365
90797
328366
90798
328367
90799
328368
90800
328369
90801
328370
90802
328371
90803
328372
90804
328373
90805
328374
90806
328375
90807
324280
90808
324281
90809
324282
90810
324283
90811
90812
90813
90814
90815
90816
90817
90818
90819
90820
90821
90822
90823
90824
328467
328468
328469
328470
328471
328472
328473
328474
328475
328476
328477
328478
328479
328480
4896
328481
4897
328482
4898
328483
4899
328484
4900
328485
4901
328486
4902
328487
4903
328488
4904
328489
4905
328490
4906
328491
4907
328492
4908
328493
4909
328494
4910
328495
4911
328496
4912
328497
4913
328498
4914
328499
4915
328500
4916
328501
4917
328502
4918
328503
4919
328504
4920
328505
4921
328506
4922
328507
324411
4923
324412
4924
324413
4925
324414
4926
324415
4927
4928
4929
4930
4931
328598
328599
328600
328601
328602
328603
328604
328605
328606
328607
328608
328609
328610
328611
328612
328613
328614
328615
328616
328617
328618
328619
328620
328621
328622
328623
328624
328625
328626
328627
328628
328629
328630
328631
328632
328633
328634
328635
328636
328637
328638
324542
328639
324543
324544
324545
324546
324547
91136
91137
91138
91139
91140
91141
91142
91143
91144
91145
91146
91147
91148
91149
91150
91151
91152
91153
91154
91155
91156
91157
91158
91159
91160
91161
91162
91163
91164
91165
91166
91167
91168
91169
91170
91171
91172
91173
91174
91175
91176
91177
91178
91179
91180
91181
324673
324674
324675
324676
324677
324678
324679
5248
5249
5250
5251
5252
5253
5254
5255
5256
5257
5258
5259
5260
5261
5262
5263
5264
5265
5266
5267
5268
5269
5270
5271
5272
5273
5274
5275
5276
5277
5278
324804
324805
324806
324807
324808
324809
324810
324811
324935
324936
324937
324938
324939
324940
324941
324942
324943
91488
91489
91490
91491
91492
91493
91494
91495
91496
91497
91498
91499
91500
91501
91502
91503
91504
91505
91506
91507
91508
91509
91510
91511
91512
91513
91514
91515
91516
91517
91518
91519
91520
91521
91522
91523
91524
91525
91526
91527
91528
91529
91530
91531
91532
91533
91534
91535
91536
91537
91538
325066
325067
325068
325069
325070
325071
325072
325073
325074
325075
5600
5601
5602
5603
5604
5605
5606
5607
5608
5609
5610
5611
5612
5613
5614
5615
5616
5617
5618
5619
5620
5621
5622
5623
5624
5625
325197
325198
325199
325200
325201
325202
325203
325204
325205
325206
325207
1712
1720
91840
1728
91841
91842
91843
91844
91845
91846
91847
91848
1736
91849
91850
91851
91852
91853
91854
91855
325328
91856
1744
325329
91857
1745
325330
91858
325331
91859
325332
91860
325333
91861
325334
91862
325335
91863
325336
91864
1752
325337
91865
1753
325338
91866
325339
91867
91868
91869
91870
91871
91872
1760
91873
1761
91874
91875
91876
91877
91878
91879
91880
1768
91881
1769
91882
91883
91884
91885
91886
91887
91888
1776
91889
1777
91890
1778
91891
91892
91893
91894
91895
1784
1785
1786
1792
1793
1794
1800
1801
1802
1808
1809
1810
1811
1816
1817
1818
1819
1824
1825
1826
1827
1832
1833
1834
1835
1836
1840
1841
1842
1843
1844
1848
1849
1850
1851
1852
5952
1856
5953
1857
5954
1858
5955
1859
5956
1860
5957
5958
5959
5960
1864
5961
1865
5962
1866
5963
1867
5964
1868
5965
1869
5966
5967
5968
1872
5969
1873
5970
1874
325459
5971
1875
325460
5972
1876
325461
1877
325462
325463
325464
1880
325465
1881
325466
1882
325467
1883
325468
1884
325469
1885
325470
325471
1888
1889
1890
1891
1892
1893
1896
1897
1898
1899
1900
1901
1902
1904
1905
1906
1907
1908
1909
1910
1912
1913
1914
1915
1916
1917
1918
1920
1921
1922
1923
1924
1925
1926
1928
1929
1930
1931
1932
1933
1934
1935
1936
1937
1938
1939
1940
1941
1942
1943
1944
1945
1946
1947
1948
1949
1950
1951
87968
1952
1953
1954
1955
1956
1957
1958
1959
1960
1961
1962
1963
1964
1965
1966
1967
1968
1969
1970
1971
1972
1973
1974
1975
1976
1977
1978
1979
1980
1981
1982
1983
1984
1985
1986
1987
1988
1989
1990
1991
1992
1993
1994
1995
1996
1997
1998
1999
2000
2001
2002
2003
2004
2005
325590
2006
325591
2007
325592
2008
325593
2009
325594
2010
325595
2011
325596
2012
325597
2013
325598
2014
325599
2015
325600
2016
325601
2017
325602
2018
325603
2019
2020
2021
2022
2023
2024
2025
2026
2027
2028
2029
2030
2031
2032
2033
2034
2035
2036
2037
2038
2039
2040
2041
2042
2043
2044
2045
2046
2047
2048
2049
2050
2051
2052
2053
2054
2055
2056
2057
2058
2059
2060
2061
2062
2063
2064
2065
2066
2067
2068
2069
2070
2071
2072
2073
2074
2075
2076
2077
2078
2079
92192
2080
92193
2081
92194
2082
92195
2083
92196
2084
92197
2085
92198
2086
92199
2087
92200
2088
92201
2089
92202
2090
92203
2091
92204
2092
92205
2093
92206
2094
92207
2095
92208
2096
92209
2097
92210
2098
92211
2099
92212
2100
92213
2101
92214
2102
92215
2103
92216
2104
92217
2105
92218
2106
92219
2107
92220
2108
92221
2109
92222
2110
92223
2111
92224
2112
92225
2113
92226
2114
92227
2115
92228
2116
92229
2117
92230
2118
92231
2119
92232
2120
92233
2121
92234
2122
92235
2123
92236
2124
92237
2125
92238
2126
92239
2127
92240
2128
92241
2129
92242
2130
92243
2131
92244
2132
92245
2133
92246
2134
92247
2135
325720
92248
2136
325721
92249
2137
325722
92250
2138
325723
92251
2139
325724
92252
2140
325725
2141
325726
2142
325727
2143
325728
2144
325729
2145
325730
2146
325731
2147
325732
2148
325733
2149
325734
2150
325735
2151
2152
2153
2154
2155
6304
6305
6306
6307
6308
6309
6310
6311
6312
6313
6314
6315
6316
6317
6318
6319
325851
325852
325853
325854
325855
325856
325857
325858
325859
325860
325861
325862
325863
325864
325865
325866
325867
88320
88321
88322
88323
88324
88325
325982
325983
325984
325985
325986
325987
325988
325989
325990
325991
325992
325993
325994
325995
325996
325997
325998
325999
92544
2432
92545
2433
92546
2434
92547
2435
92548
2436
92549
2437
92550
2438
92551
2439
92552
2440
92553
2441
92554
2442
92555
2443
92556
2444
92557
2445
92558
2446
92559
2447
92560
2448
92561
2449
92562
2450
92563
2451
92564
2452
92565
2453
92566
2454
92567
2455
92568
2456
92569
2457
92570
2458
92571
2459
92572
2460
92573
2461
92574
2462
92575
2463
92576
2464
92577
2465
92578
2466
92579
2467
92580
2468
92581
2469
92582
2470
92583
2471
92584
2472
92585
2473
92586
2474
92587
2475
92588
2476
92589
2477
92590
2478
92591
2479
92592
2480
92593
2481
92594
2482
92595
2483
92596
2484
92597
2485
92598
2486
92599
2487
92600
2488
92601
2489
92602
2490
92603
2491
92604
2492
92605
2493
92606
2494
92607
2495
92608
2496
92609
2497
2498
2499
2500
2501
2502
326113
326114
326115
326116
326117
326118
326119
326120
326121
326122
326123
326124
326125
326126
326127
326128
326129
326130
326131
6656
6657
6658
6659
6660
6661
6662
6663
6664
6665
6666
88672
88673
88674
88675
326244
88676
326245
88677
326246
88678
326247
88679
326248
88680
326249
88681
326250
88682
326251
326252
326253
326254
326255
326256
326257
326258
326259
326260
326261
326262
326263
92896
2784
92897
2785
92898
2786
92899
2787
92900
2788
92901
2789
92902
2790
326375
92903
2791
326376
92904
2792
326377
92905
2793
326378
92906
2794
326379
92907
2795
326380
92908
2796
326381
92909
2797
326382
92910
2798
326383
92911
2799
326384
92912
2800
326385
92913
2801
326386
92914
2802
326387
92915
2803
326388
92916
2804
326389
92917
2805
326390
92918
2806
326391
92919
2807
326392
92920
2808
326393
92921
2809
326394
92922
2810
326395
92923
2811
92924
2812
92925
2813
92926
2814
92927
2815
92928
2816
92929
2817
92930
2818
92931
2819
92932
2820
92933
2821
92934
2822
92935
2823
92936
2824
92937
2825
92938
2826
92939
2827
92940
2828
92941
2829
92942
2830
92943
2831
92944
2832
92945
2833
92946
2834
92947
2835
92948
2836
92949
2837
92950
2838
92951
2839
92952
2840
92953
2841
92954
2842
92955
2843
92956
2844
92957
2845
92958
2846
92959
2847
92960
2848
92961
2849
92962
92963
92964
92965
92966
7008
7009
7010
7011
7012
7013
326506
326507
326508
326509
326510
326511
326512
326513
326514
326515
326516
326517
326518
326519
326520
326521
326522
326523
326524
326525
326526
326527
89024
89025
89026
89027
89028
89029
89030
89031
89032
89033
89034
89035
89036
89037
89038
89039
326637
326638
326639
326640
326641
326642
326643
326644
326645
326646
326647
326648
326649
326650
326651
326652
326653
326654
326655
326656
326657
326658
326659
93248
3136
93249
3137
93250
3138
93251
3139
93252
3140
93253
3141
93254
3142
93255
3143
93256
3144
93257
3145
93258
3146
93259
3147
93260
3148
93261
3149
93262
3150
93263
3151
93264
3152
93265
3153
93266
3154
93267
3155
93268
3156
93269
3157
93270
3158
93271
3159
93272
3160
93273
3161
93274
3162
93275
3163
93276
3164
93277
3165
93278
3166
93279
3167
93280
3168
93281
3169
93282
3170
93283
3171
93284
3172
93285
3173
93286
3174
93287
3175
93288
3176
93289
3177
93290
3178
93291
3179
93292
3180
93293
3181
93294
3182
326767
93295
3183
326768
93296
3184
326769
93297
3185
326770
93298
3186
326771
93299
3187
326772
93300
3188
326773
93301
3189
326774
93302
3190
326775
93303
3191
326776
93304
3192
326777
93305
3193
326778
93306
3194
326779
93307
3195
326780
93308
3196
326781
93309
326782
93310
326783
93311
326784
93312
326785
93313
326786
93314
326787
93315
326788
93316
326789
93317
326790
93318
326791
93319
93320
93321
93322
93323
7360
326898
326899
326900
326901
326902
326903
326904
326905
326906
326907
326908
326909
326910
326911
326912
326913
326914
326915
326916
326917
326918
326919
326920
326921
326922
326923
89376
89377
89378
89379
89380
89381
89382
89383
89384
89385
89386
89387
89388
89389
89390
89391
89392
89393
89394
89395
89396
327029
327030
327031
327032
327033
327034
327035
327036
327037
327038
327039
327040
327041
327042
327043
327044
327045
327046
327047
327048
327049
327050
327051
327052
327053
327054
327055
3488
3489
3490
3491
3492
3493
3494
3495
3496
3497
3498
3499
3500
3501
3502
3503
3504
3505
3506
3507
3508
3509
3510
3511
3512
3513
3514
3515
3516
3517
3518
3519
3520
3521
3522
3523
3524
3525
3526
3527
3528
3529
3530
3531
3532
3533
3534
3535
3536
3537
3538
3539
3540
3541
3542
3543
327160
327161
327162
327163
327164
327165
327166
327167
327168
327169
327170
327171
327172
327173
327174
327175
327176
327177
327178
327179
327180
327181
327182
327183
327184
327185
327186
327187
327291
327292
327293
327294
327295
327296
89728
327297
89729
327298
89730
327299
89731
327300
89732
327301
89733
327302
89734
327303
89735
327304
89736
327305
89737
327306
89738
327307
89739
327308
89740
327309
89741
327310
89742
327311
89743
327312
89744
327313
89745
327314
89746
327315
89747
327316
89748
327317
89749
327318
89750
327319
89751
89752
89753
327421
327422
327423
327424
3840
327425
3841
327426
3842
327427
3843
327428
3844
327429
3845
327430
3846
327431
3847
327432
3848
327433
3849
327434
3850
327435
3851
327436
3852
327437
3853
327438
3854
327439
3855
327440
3856
327441
3857
327442
3858
327443
3859
327444
3860
327445
3861
327446
3862
327447
3863
327448
3864
327449
3865
327450
3866
327451
3867
3868
3869
3870
3871
3872
3873
3874
3875
3876
3877
3878
3879
3880
3881
3882
3883
3884
3885
3886
3887
3888
3889
3890
327552
327553
327554
327555
327556
327557
327558
327559
327560
327561
327562
327563
327564
327565
327566
327567
327568
327569
327570
327571
327572
327573
327574
327575
327576
327577
327578
327579
327580
327581
327582
327583
90080
90081
90082
90083
90084
90085
90086
90087
90088
90089
90090
90091
90092
90093
90094
90095
90096
90097
90098
90099
90100
90101
90102
90103
90104
90105
90106
90107
90108
90109
90110
)


// ************************************************************************* //
