0 	107.031 	0 	0 	0 	-0.00307986 	-1.03051 	8.85882e-23 	0.00474145 	-3.92806e-22 	-0.00166159
1.15903e-05 	107.032 	0.059191 	1.66473e-05 	3.77779e-23 	0.000818143 	-0.114893 	-3.50715e-25 	-0.000783611 	-2.21655e-22 	-3.45316e-05
2.51959e-05 	107.033 	0.174467 	0.000626053 	3.74452e-22 	0.00281905 	-0.145671 	1.0402e-23 	-0.0027951 	4.21484e-22 	-2.39423e-05
4.11938e-05 	107.035 	0.280928 	0.00222097 	-7.08141e-22 	0.00621479 	-0.153051 	-7.85544e-23 	-0.00625015 	6.08883e-22 	3.53629e-05
6.0036e-05 	107.04 	0.371091 	0.00469063 	-5.66637e-22 	0.0131297 	-0.193901 	2.87672e-23 	-0.013177 	-4.76842e-22 	4.73055e-05
8.22644e-05 	107.052 	0.451317 	0.00809324 	-4.1808e-22 	0.0265561 	-0.284992 	-3.85885e-22 	-0.0265927 	1.53433e-21 	3.66268e-05
0.00010853 	107.073 	0.536199 	0.012565 	-1.32761e-21 	0.0491863 	-0.455648 	-8.79613e-22 	-0.049194 	-4.00422e-21 	7.63425e-06
0.000139617 	107.107 	0.638098 	0.0183438 	1.00098e-21 	0.0831718 	-0.733251 	1.84396e-21 	-0.0831741 	-6.86406e-21 	2.36274e-06
0.000176466 	107.156 	0.765231 	0.0256669 	9.61927e-22 	0.129588 	-1.1304 	1.16375e-21 	-0.129583 	9.28764e-21 	-5.67272e-06
0.000220213 	107.221 	0.923886 	0.0347851 	-1.33171e-21 	0.187879 	-1.64102 	-7.54302e-21 	-0.187856 	4.76608e-21 	-2.31616e-05
0.000272229 	107.301 	1.11959 	0.0459802 	-7.9184e-23 	0.256235 	-2.2423 	6.42078e-22 	-0.256204 	-1.06931e-20 	-3.09901e-05
0.000334164 	107.393 	1.35721 	0.0595616 	7.82301e-22 	0.33272 	-2.90186 	7.18595e-21 	-0.332694 	2.01098e-20 	-2.53424e-05
0.000408017 	107.496 	1.64083 	0.0758836 	-3.89399e-21 	0.41627 	-3.58618 	-6.4599e-20 	-0.41626 	-3.6765e-20 	-1.00197e-05
0.000496201 	107.609 	1.97379 	0.095383 	7.6278e-21 	0.507008 	-4.26558 	1.60302e-19 	-0.50702 	-6.11228e-20 	1.16355e-05
0.000601635 	107.733 	2.35891 	0.118624 	6.60045e-21 	0.60601 	-4.91501 	1.36579e-19 	-0.606048 	9.22049e-20 	3.71857e-05
0.000727854 	107.871 	2.79857 	0.146343 	-7.70742e-21 	0.714861 	-5.51255 	-1.58094e-19 	-0.714924 	5.82314e-20 	6.27312e-05
0.000879141 	108.024 	3.29458 	0.179488 	-2.78598e-21 	0.835336 	-6.03718 	-6.93123e-20 	-0.835422 	7.43154e-21 	8.57547e-05
0.00106069 	108.197 	3.84782 	0.219265 	-1.10715e-20 	0.969486 	-6.46701 	-3.78785e-19 	-0.969593 	-1.39732e-19 	0.000106154
0.00127878 	108.393 	4.45727 	0.267202 	2.28953e-20 	1.12019 	-6.77737 	8.11921e-19 	-1.12033 	1.26535e-19 	0.000137967
0.00154107 	108.618 	5.11861 	0.325258 	-3.54975e-20 	1.29198 	-6.93817 	-1.37126e-18 	-1.29221 	2.78899e-19 	0.000222016
0.00185682 	108.874 	5.8219 	0.395967 	-4.60308e-20 	1.49096 	-6.90946 	-1.85112e-18 	-1.49132 	-6.12698e-20 	0.000358563
0.0022373 	109.163 	6.54794 	0.482487 	-4.68e-20 	1.72242 	-6.63939 	-2.3625e-18 	-1.72287 	-7.48703e-19 	0.000450216
0.00269619 	109.472 	7.26335 	0.58823 	8.90812e-20 	1.9851 	-6.06345 	3.85373e-18 	-1.98468 	-2.85776e-19 	-0.000418014
0.00325013 	109.759 	7.91628 	0.715655 	7.78269e-20 	2.27188 	-5.11782 	2.82024e-18 	-2.27099 	5.43061e-19 	-0.000889266
0.00391934 	109.984 	8.40258 	0.853252 	-2.95196e-20 	2.54746 	-3.94544 	1.21333e-19 	-2.54801 	4.19215e-19 	0.000552237
0.00447964 	110.164 	8.68365 	0.97867 	2.31466e-20 	2.75471 	-2.94829 	7.9637e-19 	-2.75564 	5.49572e-19 	0.000928748
0.00498729 	110.355 	8.8388 	1.08579 	-8.2158e-20 	2.86989 	-2.32976 	-1.219e-17 	-2.87019 	-1.93398e-18 	0.000301603
0.00545308 	110.592 	8.93402 	1.17936 	4.28791e-20 	2.89702 	-2.05465 	1.11989e-17 	-2.89738 	5.25626e-19 	0.000365206
0.0058867 	110.899 	9.00463 	1.26104 	5.19793e-20 	2.83933 	-2.09931 	8.92813e-18 	-2.83967 	1.64088e-18 	0.000341278
0.00629695 	111.288 	9.07274 	1.33205 	-2.64314e-21 	2.70047 	-2.42936 	1.24955e-18 	-2.70071 	7.64594e-19 	0.000241427
0.00669189 	111.757 	9.15279 	1.39335 	2.13396e-21 	2.48814 	-3.00021 	-7.32419e-19 	-2.48837 	-1.10324e-19 	0.000229779
0.00707907 	112.3 	9.25459 	1.44568 	-1.04368e-21 	2.21376 	-3.75865 	8.02105e-19 	-2.21393 	8.6693e-19 	0.000163187
0.00746565 	112.899 	9.38508 	1.4896 	-5.519e-20 	1.89046 	-4.64625 	-2.12997e-17 	-1.88871 	-2.41763e-18 	-0.00175273
0.00785851 	113.528 	9.54944 	1.52532 	-9.47588e-20 	1.53761 	-5.62084 	-3.62194e-17 	-1.5362 	-6.46339e-18 	-0.0014035
0.00826444 	114.223 	9.74581 	1.55282 	1.61606e-20 	1.17148 	-6.71014 	6.93803e-18 	-1.17356 	-1.41295e-18 	0.00207903
0.00863691 	115.06 	9.96871 	1.57155 	1.15345e-19 	0.794733 	-7.98592 	6.28547e-17 	-0.795924 	9.09592e-18 	0.00119064
0.00899519 	116.051 	10.2208 	1.58203 	6.71806e-20 	0.415209 	-9.46002 	3.58193e-17 	-0.414607 	8.1757e-18 	-0.000602427
0.0093413 	117.171 	10.5068 	1.58577 	-6.05559e-20 	0.0438941 	-11.0919 	-4.02529e-17 	-0.0438312 	-4.56883e-18 	-6.28834e-05
0.00967694 	118.413 	10.8279 	1.58368 	-4.43772e-20 	-0.312638 	-12.8479 	-3.32648e-17 	0.312598 	-6.15433e-18 	4.09601e-05
0.0100036 	119.771 	11.1843 	1.57662 	1.35469e-20 	-0.646094 	-14.7009 	1.34468e-17 	0.646096 	8.38589e-19 	-1.73081e-06
0.0103226 	121.239 	11.5758 	1.56544 	1.45085e-20 	-0.949328 	-16.6247 	1.18911e-17 	0.949343 	2.21114e-18 	-1.53661e-05
0.0106349 	122.81 	12.0018 	1.5509 	-1.36282e-20 	-1.21654 	-18.5945 	-1.34651e-17 	1.21656 	-1.39784e-18 	-1.87639e-05
0.0109416 	124.477 	12.4615 	1.53374 	-1.00441e-20 	-1.44308 	-20.5873 	-1.22159e-17 	1.4431 	-1.67262e-18 	-2.45146e-05
0.0112433 	126.231 	12.9536 	1.51464 	-2.75719e-22 	-1.62546 	-22.5815 	3.86418e-19 	1.62549 	-4.17559e-19 	-2.75902e-05
0.0115409 	128.065 	13.4769 	1.49424 	1.30521e-20 	-1.76136 	-24.5575 	1.74588e-17 	1.76126 	1.9231e-18 	9.9068e-05
0.0118349 	129.972 	14.03 	1.47312 	-1.56449e-21 	-1.85021 	-26.4972 	-2.65002e-18 	1.85031 	1.33631e-19 	-0.000100035
0.0121258 	131.94 	14.6113 	1.45179 	-4.09239e-21 	-1.89468 	-28.384 	-6.19744e-18 	1.89789 	-6.41907e-19 	-0.00321018
0.012414 	133.957 	15.2195 	1.43058 	1.57645e-21 	-1.8844 	-30.2145 	2.61858e-18 	1.88222 	1.04876e-19 	0.00217899
0.0127 	136.107 	15.839 	1.41106 	1.56855e-21 	-1.83048 	-32.0033 	3.05605e-18 	1.82219 	3.23065e-19 	0.00829392
0.0129587 	138.407 	16.4655 	1.39303 	-1.61134e-21 	-1.75383 	-33.7298 	-3.19605e-18 	1.75608 	-1.64506e-19 	-0.0022569
0.0132347 	140.653 	17.1353 	1.37535 	-7.12158e-22 	-1.6301 	-35.2964 	-1.73781e-18 	1.63575 	-3.65186e-19 	-0.00564676
0.0135296 	142.699 	17.8752 	1.35856 	8.66722e-21 	-1.45823 	-36.6109 	1.57226e-17 	1.45826 	1.33922e-18 	-3.09242e-05
0.0138449 	144.547 	18.6866 	1.34292 	-1.16003e-20 	-1.2571 	-37.6404 	-1.80101e-17 	1.25687 	-1.43479e-18 	0.000234483
0.0141825 	146.197 	19.5708 	1.32893 	2.4609e-20 	-1.02667 	-38.369 	3.5886e-17 	1.0267 	1.40012e-18 	-2.22897e-05
0.0145445 	147.636 	20.5292 	1.31718 	2.68436e-20 	-0.771022 	-38.7774 	4.48425e-17 	0.771059 	3.36277e-18 	-3.7178e-05
0.0149331 	148.851 	21.5631 	1.30834 	-7.85518e-21 	-0.495133 	-38.8432 	-8.94003e-18 	0.495245 	8.69143e-20 	-0.000112239
0.0153511 	149.826 	22.6737 	1.3031 	-1.88939e-20 	-0.202803 	-38.5424 	-1.95555e-17 	0.202834 	-1.45646e-18 	-3.03435e-05
0.0158015 	150.547 	23.8626 	1.30233 	1.2192e-20 	0.103791 	-37.8421 	1.15323e-17 	-0.103824 	4.457e-20 	3.33412e-05
0.0162878 	151 	25.131 	1.30709 	-2.41077e-21 	0.42069 	-36.704 	4.10316e-18 	-0.420766 	6.15805e-19 	7.65175e-05
0.016814 	151.161 	26.4801 	1.31868 	-1.84202e-20 	0.736202 	-35.0951 	-1.99738e-17 	-0.737251 	-1.12868e-19 	0.00104935
0.0173849 	150.998 	27.9092 	1.33854 	-9.92988e-20 	1.02189 	-32.9719 	-7.11786e-17 	-1.02113 	-2.57287e-18 	-0.000759162
0.018006 	150.393 	29.4617 	1.36826 	-6.77981e-20 	1.24594 	-30.1872 	-6.40474e-17 	-1.24363 	-4.1882e-18 	-0.00230812
0.0187638 	149.239 	31.1708 	1.41072 	5.25805e-20 	1.35323 	-26.5849 	2.53594e-17 	-1.35416 	1.73219e-19 	0.000934599
0.0196001 	147.605 	32.9631 	1.46362 	5.06404e-20 	1.24549 	-22.2836 	2.04737e-17 	-1.24687 	3.16529e-20 	0.00138005
0.0205255 	145.502 	34.7391 	1.51619 	2.54517e-19 	0.852722 	-17.6346 	9.97336e-17 	-0.852028 	3.7684e-18 	-0.000693604
0.0215519 	142.802 	36.4067 	1.54907 	1.03269e-19 	0.220275 	-13.2275 	4.73854e-17 	-0.219524 	3.7105e-18 	-0.000750891
0.0226935 	139.441 	37.8784 	1.53745 	-2.25893e-19 	-0.45929 	-9.6463 	-7.18396e-17 	0.459429 	-2.19569e-18 	-0.000139037
0.023967 	135.465 	39.1338 	1.46893 	-9.09591e-20 	-0.960232 	-7.19603 	-2.94586e-17 	0.9601 	-1.90691e-18 	0.000132646
0.0253917 	130.98 	40.2346 	1.35385 	3.69782e-20 	-1.18055 	-5.75832 	1.20354e-17 	1.18023 	3.37293e-19 	0.000322516
0.0269906 	126.134 	41.2712 	1.21415 	-5.36848e-20 	-1.16472 	-4.87454 	-1.94406e-17 	1.16447 	-5.36914e-19 	0.000253699
0.0287908 	121.032 	42.3081 	1.06622 	6.39735e-20 	-1.02179 	-4.19874 	2.20969e-17 	1.02179 	2.75643e-19 	-2.09531e-06
0.0308242 	115.739 	43.3744 	0.918436 	3.75064e-20 	-0.834757 	-3.56369 	1.43102e-17 	0.834756 	5.8813e-19 	3.92773e-07
0.033129 	110.336 	44.4782 	0.77467 	-6.49093e-20 	-0.643035 	-2.90445 	-2.23287e-17 	0.64303 	-4.30178e-19 	5.01626e-06
0.0357502 	104.945 	45.6104 	0.636557 	3.00148e-20 	-0.459489 	-2.18228 	9.43143e-18 	0.459437 	8.36133e-20 	5.14495e-05
0.0387416 	99.7288 	46.7403 	0.504931 	-2.02283e-20 	-0.27696 	-1.32524 	-2.31002e-18 	0.276951 	2.30763e-20 	8.12774e-06
0.042167 	94.7822 	47.7803 	0.376177 	-5.63743e-21 	-0.118542 	-0.512555 	-4.56259e-18 	0.118566 	-5.17706e-20 	-2.42369e-05
0.0461029 	90.2537 	48.5123 	0.242945 	3.51729e-20 	-0.0319909 	-0.0943259 	1.95071e-18 	0.031986 	7.70225e-21 	4.88483e-06
0.0506405 	86.3245 	48.7386 	0.105345 	4.55759e-22 	-0.00624818 	-0.00724705 	1.03553e-19 	0.00624893 	6.65156e-22 	-7.43055e-07
0.0558892 	83.2354 	48.7201 	-0.0318163 	-1.29243e-20 	-0.00106904 	-0.000299679 	-2.46584e-20 	0.00106903 	-4.7975e-23 	1.31612e-08
0.061146 	81.1295 	48.7561 	-0.14635 	-6.24571e-21 	-0.000644919 	-0.000239928 	-9.08861e-21 	0.000644981 	-1.8112e-23 	-6.2033e-08
0.0665609 	79.7997 	48.7937 	-0.243531 	2.78851e-21 	-0.000725431 	-0.000150274 	7.73121e-21 	0.000725523 	-5.3111e-23 	-9.17257e-08
0.0721458 	79.0514 	48.7983 	-0.327108 	-2.59375e-21 	-0.00208126 	0.00176289 	-6.38378e-20 	0.00208097 	5.01981e-22 	2.95318e-07
0.0779136 	78.7487 	48.6427 	-0.398429 	-2.83408e-21 	-0.00651434 	0.066891 	1.58518e-19 	0.00651464 	-1.54516e-21 	-2.98e-07
0.0839163 	78.7586 	47.8192 	-0.429746 	-2.55844e-22 	0.00854422 	0.625656 	-6.89828e-19 	-0.00850496 	3.82022e-21 	-3.92624e-05
0.0895906 	78.8381 	46.1924 	-0.410453 	5.27992e-21 	0.0426964 	1.72635 	2.97198e-18 	-0.0427919 	-2.49355e-20 	9.55599e-05
0.0938129 	78.9921 	44.439 	-0.38799 	2.91814e-21 	0.0819016 	2.6661 	1.21684e-18 	-0.0818517 	4.20248e-21 	-4.99099e-05
0.0973169 	79.1476 	42.8031 	-0.360078 	-1.0985e-20 	0.144139 	3.39246 	-5.43831e-18 	-0.144171 	4.05642e-20 	3.20571e-05
0.100225 	79.2314 	41.1585 	-0.320262 	1.45409e-21 	0.232295 	4.19256 	6.28423e-19 	-0.232282 	-3.99613e-20 	-1.28695e-05
0.102638 	79.2633 	39.4867 	-0.269818 	1.66228e-20 	0.32273 	5.06041 	7.36884e-18 	-0.322662 	-2.93087e-20 	-6.75477e-05
