0 	-0.348236 	0 	0 	0 	0.00260534 	4.37562 	4.79545e-22 	-0.00163073 	-1.86529e-21 	-0.000974609
1.37955e-05 	-0.339878 	-3.33831 	0.00149531 	-2.0386e-23 	0.00865264 	4.55736 	-3.55784e-23 	-0.00859673 	4.98705e-23 	-5.59017e-05
2.92331e-05 	-0.330503 	-5.79885 	0.00542687 	-1.81694e-23 	0.0215376 	4.33861 	1.87936e-20 	-0.0216563 	-2.60415e-22 	0.000118734
4.65113e-05 	-0.310054 	-7.53594 	0.0114815 	1.44499e-22 	0.0468798 	4.61964 	-1.15145e-20 	-0.0469941 	-4.34055e-23 	0.000114339
6.58528e-05 	-0.274224 	-8.64921 	0.0192711 	9.92027e-23 	0.0880754 	4.60859 	8.13168e-20 	-0.0880755 	-1.62244e-21 	1.04815e-07
8.75077e-05 	-0.221462 	-9.39175 	0.028763 	6.18885e-22 	0.146423 	4.4144 	-1.51626e-19 	-0.146401 	3.6836e-21 	-2.28596e-05
0.000111757 	-0.150795 	-9.90984 	0.0399835 	-5.78851e-22 	0.222985 	4.08564 	2.5417e-20 	-0.22299 	3.78992e-22 	5.23611e-06
0.000138915 	-0.0606616 	-10.2775 	0.0529775 	1.93996e-22 	0.318941 	3.6091 	4.63658e-19 	-0.318958 	-7.38832e-21 	1.67513e-05
0.000169336 	0.0505821 	-10.5343 	0.0678329 	4.49032e-22 	0.435406 	2.96808 	-2.49326e-19 	-0.435426 	3.91761e-21 	2.067e-05
0.000203417 	0.184325 	-10.7032 	0.0846683 	-4.95636e-23 	0.57308 	2.15171 	-9.33449e-19 	-0.573103 	1.49368e-20 	2.2898e-05
0.000241604 	0.341514 	-10.7981 	0.103625 	-4.2083e-22 	0.732036 	1.15592 	6.33938e-19 	-0.732061 	-8.37384e-21 	2.44915e-05
0.000284398 	0.522513 	-10.8276 	0.124862 	-2.90372e-22 	0.911569 	-0.0165881 	-5.30463e-19 	-0.911596 	-7.53347e-22 	2.61977e-05
0.000332361 	0.727013 	-10.7968 	0.148556 	5.43321e-22 	1.11012 	-1.35668 	-3.27539e-18 	-1.11015 	5.04971e-20 	2.8826e-05
0.000386126 	0.954017 	-10.7089 	0.174897 	-2.05691e-22 	1.32526 	-2.84937 	1.32505e-18 	-1.32529 	-1.33665e-20 	3.32612e-05
0.000446401 	1.20189 	-10.5651 	0.204086 	-9.11652e-23 	1.55375 	-4.47457 	2.92595e-18 	-1.55379 	-5.31733e-20 	4.03172e-05
0.000513985 	1.46844 	-10.3657 	0.236331 	5.10758e-22 	1.79167 	-6.20805 	-3.76883e-18 	-1.79172 	1.07664e-19 	5.04307e-05
0.000589773 	1.75107 	-10.1098 	0.271841 	1.17981e-23 	2.0345 	-8.02251 	1.03039e-19 	-2.03457 	-3.13849e-22 	6.52725e-05
0.000674771 	2.0469 	-9.79606 	0.310827 	2.53763e-22 	2.27733 	-9.88855 	2.44694e-18 	-2.27741 	-2.15014e-20 	8.51673e-05
0.000770111 	2.35289 	-9.42219 	0.353488 	-7.59075e-22 	2.51495 	-11.7757 	1.36811e-18 	-2.51506 	-7.29777e-20 	0.000108177
0.000877061 	2.66599 	-8.98564 	0.400011 	-1.12479e-21 	2.74192 	-13.6531 	-2.63729e-18 	-2.74206 	9.01382e-20 	0.000138637
0.000997051 	2.98328 	-8.4834 	0.450556 	-8.38301e-22 	2.95274 	-15.4902 	9.44058e-19 	-2.95292 	-1.31633e-19 	0.000179788
0.00113168 	3.30226 	-7.91214 	0.505252 	-1.59788e-21 	3.14205 	-17.2574 	2.7584e-18 	-3.14228 	-2.23944e-19 	0.000229106
0.00128277 	3.62098 	-7.26829 	0.564182 	-4.99641e-23 	3.30453 	-18.9266 	-5.00261e-19 	-3.30482 	-1.02641e-19 	0.000290147
0.00145232 	3.93821 	-6.54804 	0.627376 	2.74946e-21 	3.43507 	-20.4707 	6.52373e-18 	-3.43543 	-5.01776e-19 	0.000368178
0.00164263 	4.25386 	-5.74745 	0.694787 	3.70529e-21 	3.52875 	-21.8647 	-2.7819e-18 	-3.52922 	6.11938e-19 	0.000464287
0.00185625 	4.5692 	-4.86242 	0.766278 	-2.78939e-21 	3.58092 	-23.0855 	-4.13999e-18 	-3.58151 	2.3054e-19 	0.000585306
0.00209606 	4.88726 	-3.88884 	0.84159 	-1.91427e-21 	3.58693 	-24.1118 	1.20344e-18 	-3.58767 	-3.53516e-19 	0.000746462
0.0023653 	5.21307 	-2.82264 	0.920299 	1.65299e-21 	3.54197 	-24.925 	-2.25823e-18 	-3.54291 	8.71849e-19 	0.000940777
0.0026676 	5.55347 	-1.66006 	1.00174 	3.0639e-23 	3.44034 	-25.5097 	-8.44125e-20 	-3.44152 	4.55748e-20 	0.00118569
0.00300706 	5.91669 	-0.398076 	1.08487 	5.31151e-22 	3.27377 	-25.8519 	1.32701e-18 	-3.27529 	-5.56679e-19 	0.00151195
0.00338828 	6.31132 	0.965058 	1.16809 	0 	3.03007 	-25.9406 	-1.46693e-20 	-3.03196 	2.79279e-20 	0.00188817
0.00381642 	6.74311 	2.42885 	1.2489 	-2.12008e-21 	2.69196 	-25.7761 	4.59969e-18 	-2.69416 	1.34408e-18 	0.00220608
0.0042973 	7.21062 	3.98965 	1.32344 	1.72329e-22 	2.23524 	-25.3667 	3.76935e-19 	-2.23744 	6.49858e-20 	0.002194
0.00483747 	7.7034 	5.63986 	1.386 	1.95073e-21 	1.63284 	-24.7499 	-1.06326e-17 	-1.63519 	-2.3384e-18 	0.00235617
0.00544427 	8.19161 	7.2967 	1.42762 	-7.03838e-21 	0.897619 	-24.0325 	-1.14532e-17 	-0.9001 	-1.85564e-18 	0.00248091
0.00602098 	8.64172 	8.84603 	1.44253 	-1.14114e-21 	0.0880872 	-23.354 	-2.78733e-18 	-0.0898268 	-1.85992e-20 	0.00173955
0.00660124 	9.03878 	10.2789 	1.43133 	-4.43319e-21 	-0.759432 	-22.78 	2.52701e-18 	0.758336 	5.23222e-19 	0.00109592
0.00718535 	9.3774 	11.6264 	1.39564 	1.0591e-20 	-1.62459 	-22.3158 	2.29001e-17 	1.62363 	2.85539e-18 	0.000960446
0.00777365 	9.65758 	12.898 	1.3374 	1.25682e-21 	-2.4732 	-21.976 	-3.4495e-18 	2.47233 	2.11881e-19 	0.000871478
0.00836651 	9.88679 	14.104 	1.25925 	-7.01583e-21 	-3.27038 	-21.7635 	-2.46258e-17 	3.26958 	-2.49212e-18 	0.000800883
0.00896431 	10.0757 	15.2551 	1.16427 	9.33868e-21 	-3.98656 	-21.6696 	1.46881e-17 	3.98583 	1.47843e-18 	0.000730024
0.00956749 	10.2348 	16.3616 	1.05578 	-2.91274e-21 	-4.60018 	-21.6753 	1.33034e-17 	4.59951 	9.50816e-19 	0.000670689
0.0101765 	10.3721 	17.4328 	0.937043 	1.15472e-20 	-5.09975 	-21.7578 	-4.68871e-18 	5.09921 	-4.24471e-20 	0.000544169
0.0107919 	10.4913 	18.477 	0.81106 	3.0837e-22 	-5.48489 	-21.8961 	-8.03864e-20 	5.48454 	2.40696e-19 	0.000345438
0.0114142 	10.5916 	19.5007 	0.680443 	-1.12085e-20 	-5.76329 	-22.0695 	4.73456e-18 	5.76308 	1.32204e-19 	0.0002148
0.012044 	10.6729 	20.5091 	0.547359 	-1.0903e-20 	-5.94602 	-22.2598 	-7.12406e-17 	5.94589 	-1.37451e-18 	0.000123472
0.0126819 	10.7364 	21.5062 	0.41354 	-2.20827e-22 	-6.04375 	-22.45 	1.07492e-18 	6.04376 	-3.32277e-19 	-1.07782e-05
0.0133287 	10.7856 	22.4957 	0.280352 	1.95368e-20 	-6.06625 	-22.6246 	1.98383e-16 	6.06608 	2.07934e-18 	0.00017002
0.0139851 	10.8279 	23.4609 	0.151483 	9.17396e-21 	-6.02762 	-22.7353 	1.31426e-16 	6.02758 	5.58608e-19 	3.54453e-05
0.0145992 	10.8705 	24.3893 	0.0290196 	-8.48147e-21 	-5.94172 	-22.7643 	-1.34327e-16 	5.94221 	-7.71529e-19 	-0.00048551
0.0152409 	10.9087 	25.3149 	-0.090921 	-8.76449e-21 	-5.80363 	-22.7788 	-1.39625e-16 	5.80396 	-6.64507e-19 	-0.000328043
0.0159119 	10.9435 	26.2677 	-0.210697 	2.28689e-20 	-5.60227 	-22.8196 	1.3593e-16 	5.60233 	-1.96431e-18 	-5.42276e-05
0.016614 	10.9873 	27.2536 	-0.329266 	2.23919e-20 	-5.33495 	-22.8744 	1.40721e-16 	5.33504 	-1.61605e-18 	-8.93217e-05
0.0173491 	11.0516 	28.2786 	-0.445429 	-2.40417e-20 	-5.00109 	-22.9208 	-1.25321e-16 	5.0012 	2.34557e-18 	-0.000105855
0.018119 	11.1487 	29.3489 	-0.557866 	-5.90152e-20 	-4.60241 	-22.9244 	-4.09568e-16 	4.60252 	7.87041e-18 	-0.000113443
0.0189258 	11.2907 	30.4704 	-0.665169 	-1.16628e-20 	-4.14507 	-22.8431 	-1.57308e-16 	4.14522 	2.88337e-18 	-0.000150468
0.0197718 	11.489 	31.6481 	-0.765873 	2.29937e-20 	-3.64052 	-22.6292 	1.16494e-16 	3.64071 	-2.33631e-18 	-0.000195429
0.0206593 	11.7544 	32.8856 	-0.858517 	3.9535e-20 	-3.1049 	-22.2284 	2.50836e-16 	3.10512 	-6.78476e-18 	-0.000221701
0.0215907 	12.0981 	34.184 	-0.941731 	7.47523e-20 	-2.55837 	-21.5849 	5.20293e-16 	2.55859 	-1.36607e-17 	-0.000225416
0.0225687 	12.5315 	35.5408 	-1.01435 	-5.75549e-20 	-2.02423 	-20.6469 	-1.99101e-16 	2.0247 	6.7672e-18 	-0.000462867
0.023596 	13.0647 	36.9489 	-1.07558 	-9.25209e-20 	-1.52649 	-19.373 	-4.68075e-16 	1.52689 	1.2911e-17 	-0.000400256
0.0246755 	13.7421 	38.4444 	-1.12647 	-1.19553e-21 	-1.07736 	-17.682 	-7.84598e-18 	1.07746 	-5.77498e-19 	-9.80733e-05
0.0259626 	14.6227 	40.0561 	-1.16733 	3.38825e-20 	-0.695118 	-15.5019 	7.32981e-17 	0.695396 	-2.56393e-18 	-0.000277149
0.0273361 	15.7126 	41.6993 	-1.19701 	1.04291e-19 	-0.417091 	-12.941 	2.27044e-16 	0.417449 	-6.22574e-18 	-0.000358064
0.0288025 	17.0044 	43.2698 	-1.21753 	-4.29225e-20 	-0.256174 	-10.2397 	-3.86853e-17 	0.256449 	1.74424e-18 	-0.000274623
0.030369 	18.5129 	44.6971 	-1.23355 	-1.1601e-19 	-0.190873 	-7.68281 	-1.91851e-16 	0.191183 	4.99388e-18 	-0.000309853
0.0320431 	20.2477 	45.9237 	-1.25004 	9.21864e-20 	-0.185664 	-5.53803 	1.00385e-16 	0.186003 	-3.06854e-18 	-0.000338611
0.033833 	22.2182 	46.9356 	-1.27057 	-5.42755e-20 	-0.200654 	-3.92644 	-3.13941e-17 	0.200919 	1.09665e-18 	-0.00026486
0.0357475 	24.4303 	47.7682 	-1.29575 	-5.22107e-20 	-0.202908 	-2.79378 	-5.92829e-17 	0.203068 	1.41476e-18 	-0.000160304
0.0377646 	26.8827 	48.4804 	-1.3237 	1.20612e-19 	-0.180555 	-2.00181 	8.4835e-17 	0.180746 	-2.1752e-18 	-0.000191154
0.0399122 	29.577 	49.12 	-1.35217 	-1.35605e-19 	-0.14153 	-1.40541 	-4.74111e-17 	0.141636 	1.67185e-18 	-0.000106432
0.0422027 	32.5228 	49.6993 	-1.37919 	-9.31235e-20 	-0.0983495 	-0.906374 	-4.10843e-17 	0.0984184 	9.86367e-19 	-6.88339e-05
0.0446494 	35.7097 	50.1968 	-1.40388 	7.08514e-20 	-0.0560015 	-0.448185 	2.28509e-17 	0.056088 	-7.3339e-19 	-8.65261e-05
0.0472662 	39.1223 	50.5577 	-1.42671 	-7.11227e-20 	-0.0222315 	-0.119106 	1.30459e-18 	0.0222265 	2.48414e-20 	5.03227e-06
0.0500679 	42.7449 	50.6943 	-1.44642 	1.66609e-19 	-0.00585555 	-0.00121659 	-8.22618e-19 	0.00585796 	-9.23836e-21 	-2.41576e-06
0.05307 	46.5049 	50.574 	-1.46068 	1.9294e-19 	-0.0012767 	0.0106963 	2.19987e-18 	0.00128294 	-6.48369e-20 	-6.24173e-06
0.0562894 	50.3585 	50.3172 	-1.47154 	-1.14825e-19 	-0.00040386 	0.00558454 	-1.71144e-19 	0.000404014 	8.30512e-21 	-1.54382e-07
0.0597436 	54.2899 	50.1075 	-1.48489 	1.04803e-19 	-0.000311512 	0.00278199 	1.19602e-19 	0.000311744 	-5.10157e-21 	-2.32238e-07
0.0634517 	58.3064 	50.0042 	-1.49996 	6.36946e-20 	-0.000420708 	0.00322125 	-1.42777e-19 	0.000420635 	7.49597e-21 	7.3211e-08
0.0674339 	62.417 	49.8985 	-1.51231 	-1.57971e-19 	-0.000734485 	0.0128745 	-9.1462e-19 	0.000734547 	2.71989e-20 	-6.2087e-08
0.0717118 	66.5918 	49.6807 	-1.51966 	-6.54244e-20 	0.00157573 	0.0692687 	-1.06153e-18 	-0.00158038 	2.51014e-20 	4.64415e-06
0.0763087 	70.8147 	49.2077 	-1.50985 	-2.38947e-21 	0.0307328 	0.36068 	3.2136e-19 	-0.0307586 	-2.27542e-20 	2.57492e-05
0.0812495 	75.0434 	48.164 	-1.45556 	-1.94921e-20 	0.137957 	1.28364 	-3.9052e-18 	-0.137826 	1.08866e-19 	-0.000131364
0.0865609 	79.1633 	46.3237 	-1.34834 	-3.80731e-20 	0.322095 	2.89948 	-4.55615e-18 	-0.322392 	2.2973e-20 	0.000296506
0.0922714 	82.8637 	43.9361 	-1.21063 	1.00012e-19 	0.542541 	4.71338 	2.14979e-17 	-0.542079 	-5.72373e-19 	-0.000462217
0.0960782 	85.4918 	41.6362 	-1.07287 	6.24552e-20 	0.731228 	6.31418 	1.09922e-17 	-0.731215 	-1.62264e-19 	-1.38854e-05
0.0992295 	87.3251 	39.4991 	-0.946927 	6.78241e-21 	0.842518 	7.64837 	-1.25574e-18 	-0.84285 	2.074e-19 	0.000331437
0.101838 	88.7492 	37.4924 	-0.837765 	-2.68827e-20 	0.889035 	8.6037 	-5.32669e-18 	-0.888855 	2.28066e-19 	-0.000179611
