/*--------------------------------*- C++ -*----------------------------------*\
| =========                 |                                                 |
| \\      /  F ield         | OpenFOAM: The Open Source CFD Toolbox           |
|  \\    /   O peration     | Version:  2506                                  |
|   \\  /    A nd           | Website:  www.openfoam.com                      |
|    \\/     M anipulation  |                                                 |
\*---------------------------------------------------------------------------*/
FoamFile
{
    version     2.0;
    format      ascii;
    arch        "LSB;label=32;scalar=64";
    class       volVectorField;
    location    "1000";
    object      wallShearStress;
}
// * * * * * * * * * * * * * * * * * * * * * * * * * * * * * * * * * * * * * //

dimensions      [0 2 -2 0 0 0 0];

internalField   uniform (0 0 0);

boundaryField
{
    inlet
    {
        type            calculated;
        value           uniform (0 0 0);
    }
    outlet
    {
        type            calculated;
        value           uniform (0 0 0);
    }
    lowerWallStartup
    {
        type            symmetryPlane;
    }
    upperWallStartup
    {
        type            symmetryPlane;
    }
    upperWall
    {
        type            calculated;
        value           nonuniform List<vector> 
218
(
(-6.28526 0.00690447 0)
(-5.72022 0.000120187 0)
(-5.62424 3.0505e-05 0)
(-5.55689 2.39814e-05 0)
(-5.49787 1.62279e-05 0)
(-5.47117 8.00831e-06 0)
(-5.45331 6.81671e-06 0)
(-5.43378 6.23042e-06 0)
(-5.42009 5.98804e-06 0)
(-5.40363 6.41698e-06 0)
(-5.38989 5.26792e-06 0)
(-5.37942 5.18255e-06 0)
(-5.36763 5.80991e-06 0)
(-5.35619 5.80344e-06 0)
(-5.34552 5.86411e-06 0)
(-5.33507 6.09897e-06 0)
(-5.32471 6.53967e-06 0)
(-5.3139 7.08633e-06 0)
(-5.30295 7.08902e-06 0)
(-5.29307 7.19491e-06 0)
(-5.28271 8.06567e-06 0)
(-5.27138 8.70946e-06 0)
(-5.26024 9.82084e-06 0)
(-5.2471 1.09769e-05 0)
(-5.23412 1.25111e-05 0)
(-5.21842 1.19304e-05 0)
(-5.20755 1.25021e-05 0)
(-5.19162 1.15741e-05 0)
(-5.18332 1.09064e-05 0)
(-5.16972 1.4176e-05 0)
(-5.15569 1.21e-05 0)
(-5.14708 8.43658e-06 0)
(-5.14015 1.32827e-05 0)
(-5.12364 1.63313e-05 0)
(-5.11336 -5.54217e-08 0)
(-5.12267 -2.50429e-05 0)
(-5.14625 -3.52582e-05 0)
(-5.16529 -5.8259e-05 0)
(-5.20993 -9.46813e-05 0)
(-5.25587 -0.000189772 0)
(-5.36954 -0.000305254 0)
(-5.43785 -0.00027416 0)
(-5.40293 -5.80359e-05 0)
(-5.22042 -3.67891e-05 0)
(-5.08664 8.86993e-05 0)
(-4.91913 0.000252435 0)
(-4.80515 0.000311727 0)
(-4.25172 0.000363003 0)
(-3.95549 0.00027004 0)
(-3.80641 6.495e-05 0)
(-3.89633 -0.000157739 0)
(-4.01092 -0.000200306 0)
(-4.1672 -0.000205952 0)
(-4.30971 -0.00017392 0)
(-4.44135 -0.000149459 0)
(-4.54787 -0.000109773 0)
(-4.64569 -8.53965e-05 0)
(-4.72304 -7.0992e-05 0)
(-4.79382 -4.85126e-05 0)
(-4.85332 -3.8652e-05 0)
(-4.90631 -2.4306e-05 0)
(-4.94911 -7.9992e-06 0)
(-4.98479 6.68319e-06 0)
(-5.00719 2.84114e-05 0)
(-5.02072 4.93473e-05 0)
(-5.02917 6.43874e-05 0)
(-5.03344 7.90045e-05 0)
(-5.03372 9.217e-05 0)
(-5.03135 0.000105368 0)
(-5.02589 0.000118116 0)
(-5.01776 0.000120507 0)
(-5.00805 0.000124364 0)
(-4.99615 0.000131511 0)
(-4.98288 0.000145254 0)
(-4.96719 0.000174079 0)
(-4.94933 0.000204352 0)
(-4.93021 0.000232364 0)
(-4.91034 0.000259533 0)
(-4.88954 0.000287238 0)
(-4.86824 0.000313303 0)
(-4.84604 0.000340166 0)
(-4.82386 0.000365113 0)
(-4.80049 0.000392541 0)
(-4.77807 0.000417601 0)
(-4.75333 0.000443869 0)
(-4.73168 0.000473234 0)
(-4.70468 0.000497741 0)
(-4.68482 0.00056189 0)
(-4.6583 0.000697529 -1.26865e-20)
(-4.63097 0.000713937 0)
(-4.6058 0.000743999 1.27841e-20)
(-4.57724 0.000750365 -1.28313e-20)
(-4.54908 0.000764046 0)
(-4.5191 0.000773134 -1.29279e-20)
(-4.48861 0.000782877 0)
(-4.45689 0.000791441 0)
(-4.42436 0.000798996 0)
(-4.3908 0.000806577 0)
(-4.35635 0.000812687 1.31559e-20)
(-4.32092 0.000819781 0)
(-4.28456 0.000824771 -1.32409e-20)
(-4.24723 0.00083147 0)
(-4.20896 0.000835858 -1.33224e-20)
(-4.16971 0.000842334 1.33619e-20)
(-4.1295 0.000846822 0)
(-4.08828 0.000853362 1.34382e-20)
(-4.04608 0.000858378 0)
(-4.00284 0.000865074 -1.35114e-20)
(-3.95856 0.000870747 0)
(-3.91322 0.000877701 0)
(-3.86681 0.000883616 0)
(-3.81931 0.000890486 0)
(-3.77075 0.000895773 0)
(-3.72112 0.000901907 0)
(-3.67045 0.000906035 0)
(-3.61876 0.000911121 1.37783e-20)
(-3.56608 0.00091342 -1.3809e-20)
(-3.51241 0.000917304 1.3839e-20)
(-3.45779 0.000918288 -1.38684e-20)
(-3.40217 0.000920726 0)
(-3.34567 0.000920983 -1.39253e-20)
(-3.2881 0.000922934 0)
(-3.22971 0.000921709 -1.39801e-20)
(-3.17026 0.000923636 0)
(-3.10993 0.000922335 0)
(-3.04862 0.000924142 -1.40596e-20)
(-2.98638 0.000922529 0)
(-2.92339 0.000921537 -1.4112e-20)
(-2.8596 0.000918524 0)
(-2.79521 0.000915504 -1.41645e-20)
(-2.7302 0.000912492 0)
(-2.66463 0.000911312 -1.4218e-20)
(-2.5986 0.000908681 0)
(-2.53206 0.000908983 0)
(-2.465 0.000907495 -1.43035e-20)
(-2.39756 0.000906696 0)
(-2.32997 0.000901115 -1.43648e-20)
(-2.26233 0.000896223 0)
(-2.19485 0.000886553 -1.44279e-20)
(-2.12763 0.000877243 0)
(-2.06085 0.000863686 -1.44906e-20)
(-1.99452 0.00085147 0)
(-1.92875 0.000836399 0)
(-1.86346 0.00082229 -1.45794e-20)
(-1.79882 0.000805459 0)
(-1.73482 0.000787329 -1.46326e-20)
(-1.67195 0.000763862 0)
(-1.61034 0.000738408 -1.46776e-20)
(-1.55046 0.000707446 0)
(-1.49244 0.000674807 0)
(-1.43676 0.000636012 -1.47218e-20)
(-1.38362 0.000601609 -1.47286e-20)
(-1.33258 0.000568562 0)
(-1.28348 0.000543646 -1.47328e-20)
(-1.23585 0.000519191 0)
(-1.18984 0.000498952 -1.47271e-20)
(-1.14516 0.000475041 0)
(-1.10248 0.000456571 -1.47123e-20)
(-1.06068 0.000430396 0)
(-1.02187 0.000412977 -1.4688e-20)
(-0.982805 0.000385214 -1.46739e-20)
(-0.948361 0.000358684 0)
(-0.913631 0.000337345 -1.4633e-20)
(-0.882605 0.000307947 0)
(-0.852785 0.00028982 -1.45804e-20)
(-0.824821 0.000274401 0)
(-0.797642 0.000263715 0)
(-0.77141 0.000252297 -1.449e-20)
(-0.746224 0.000241318 1.44574e-20)
(-0.721785 0.000237088 -1.44243e-20)
(-0.697464 0.000227443 1.43914e-20)
(-0.674579 0.000218932 0)
(-0.651815 0.000214795 0)
(-0.629557 0.000202558 0)
(-0.608765 0.000185288 1.42492e-20)
(-0.589405 0.000163713 0)
(-0.572261 0.000135829 0)
(-0.557851 9.94574e-05 0)
(-0.547249 3.90829e-05 0)
(-0.543304 -1.07496e-05 0)
(-0.54112 -4.4182e-05 0)
(-0.540393 -1.79437e-05 0)
(-0.530591 0.00426028 -1.37939e-20)
(-0.552052 0.0133745 2.16561e-20)
(-0.513982 -0.019362 0)
(-0.422408 -0.00381474 0)
(-0.375439 0.000518164 -3.6411e-21)
(-0.301974 0.00214531 3.1964e-21)
(-0.252794 0.00710986 8.65509e-21)
(-0.159368 -0.0346134 7.38713e-21)
(0.084042 0.0710502 1.57871e-22)
(0.262808 0.00897956 7.31865e-21)
(0.663988 0.00159424 6.47764e-21)
(1.13874 0.00160592 0)
(1.58886 0.00137529 1.04933e-20)
(1.98343 0.00113785 0)
(2.33716 0.000900285 -1.67446e-20)
(2.60286 0.000688548 0)
(2.82306 0.000682877 0)
(3.13233 0.000737771 0)
(3.46698 0.000702494 0)
(3.81032 0.000745317 0)
(4.2347 0.000707844 0)
(4.64444 0.000699584 5.00485e-20)
(5.24525 7.15463e-05 0)
(5.93907 -0.00357213 -9.46265e-20)
(7.17824 -0.00676217 1.91791e-19)
(7.76187 -0.00473873 -2.4522e-19)
(4.61896 0.00307076 0)
(1.30689 0.0212365 -3.58118e-19)
(-3.06801 0.0245199 0)
(-4.82083 0.0108874 0)
(-4.2696 -0.00174474 0)
(-3.57158 -0.00766965 0)
(-3.35057 -0.0115262 0)
(-3.28318 -0.018992 0)
(-3.79131 0.00342985 1.3287e-19)
(-3.42271 0.0314667 0)
)
;
    }
    lowerWall
    {
        type            calculated;
        value           nonuniform List<vector> 
266
(
(-6.33622 -0.00711837 0)
(-5.73202 -0.000137202 0)
(-5.6118 -3.66559e-05 0)
(-5.54498 -2.57525e-05 0)
(-5.48273 -2.05868e-05 0)
(-5.44394 -9.98926e-06 0)
(-5.43263 -5.20138e-06 0)
(-5.41654 -3.75948e-06 0)
(-5.41195 -2.60065e-06 0)
(-5.40173 -2.68519e-06 0)
(-5.39727 -1.88146e-06 0)
(-5.39114 -3.4602e-06 0)
(-5.38195 -3.87575e-06 0)
(-5.37522 -3.85101e-06 0)
(-5.3672 -4.61483e-06 0)
(-5.3587 -4.9176e-06 0)
(-5.35061 -5.72472e-06 0)
(-5.34084 -6.20851e-06 0)
(-5.33189 -5.25366e-06 0)
(-5.32516 -5.1134e-06 0)
(-5.3172 -6.74814e-06 0)
(-5.30711 -8.98172e-06 0)
(-5.29464 -1.05318e-05 0)
(-5.28191 -1.17684e-05 0)
(-5.2676 -1.22977e-05 0)
(-5.25458 -1.26028e-05 0)
(-5.24049 -1.35427e-05 0)
(-5.22634 -1.28971e-05 0)
(-5.21425 -1.51797e-05 0)
(-5.19663 -1.40857e-05 0)
(-5.18717 -1.42245e-05 0)
(-5.17003 -2.03728e-05 0)
(-5.1508 -1.18919e-05 0)
(-5.14743 -3.55832e-05 0)
(-5.08677 -3.25487e-05 0)
(-5.09863 0.000111251 0)
(-5.22781 0.000427272 0)
(-5.5063 0.000500268 0)
(-5.58734 0.000150696 0)
(-5.50985 -5.02071e-05 0)
(-5.50289 -6.71615e-05 0)
(-5.49849 -8.31498e-05 0)
(-5.50608 -6.58999e-05 0)
(-5.51857 -3.84252e-05 0)
(-5.53944 -2.32167e-05 0)
(-5.55384 -1.28432e-05 0)
(-5.57276 -1.14199e-05 0)
(-5.58098 -3.92933e-05 0)
(-5.57301 -3.02379e-05 0)
(-5.57962 -3.83517e-05 0)
(-5.55691 -7.07064e-05 0)
(-5.53178 -3.77973e-05 0)
(-5.52251 1.09965e-05 0)
(-5.50736 0.000105481 0)
(-5.51783 0.000245415 0)
(-5.53355 0.000318102 0)
(-5.51309 0.000253351 0)
(-5.4386 5.66953e-05 0)
(-5.31639 -0.000107191 0)
(-5.19725 -0.000183653 0)
(-5.08993 -0.000211279 0)
(-4.99825 -0.000233814 0)
(-4.87867 -0.000185805 0)
(-4.80256 -0.000158462 0)
(-4.7336 -0.000230205 0)
(-4.6597 -0.000290971 0)
(-4.58365 -0.000340462 0)
(-4.51073 -0.000368368 0)
(-4.44213 -0.000385812 0)
(-4.38136 -0.00039274 0)
(-4.3256 -0.000404758 0)
(-4.27743 -0.000444118 0)
(-4.22376 -0.000482993 0)
(-4.1757 -0.000463496 0)
(-4.13732 -0.000482542 0)
(-4.08711 -0.000555487 0)
(-4.04099 -0.00065456 0)
(-3.97306 -0.000766569 0)
(-3.92236 -0.000868271 0)
(-3.83696 -0.00103148 0)
(-3.78345 -0.00118122 0)
(-3.6727 -0.00139682 0)
(-3.6073 -0.00158108 0)
(-3.47306 -0.00173845 0)
(-3.36416 -0.00150693 0)
(-3.30579 -0.00110393 0)
(-3.03653 0.00612314 0)
(-3.92269 0.0173291 0)
(1.18461 8.43506 0)
(0.00107359 0.00367678 -0)
(0.000816631 0.000732331 3.1039e-24)
(0.001009 0.000711102 -3.82302e-24)
(0.00120009 0.000668347 -0)
(0.00136501 0.000589762 0)
(0.00150636 0.00045652 0)
(0.00162477 0.000251486 0)
(0.00171242 -4.03754e-05 0)
(0.00175345 -0.000432281 -4.68283e-22)
(0.00172069 -0.000934687 6.18258e-22)
(0.00156926 -0.00155228 -1.65683e-21)
(0.00122672 -0.00227773 2.26421e-21)
(0.000578265 -0.00308004 -0)
(-0.000554002 -0.00388297 9.16177e-21)
(-0.0024342 -0.00452023 -1.3575e-20)
(-0.00540681 -0.0046353 -0)
(-0.00981554 -0.00342177 0)
(-0.015485 0.000938422 -0)
(-0.0191633 0.0100974 3.06958e-19)
(-0.0158671 0.0208031 -3.41449e-19)
(-0.00795217 0.028029 5.50303e-19)
(0.00148287 0.031067 -4.34583e-19)
(0.0100746 0.0243781 0)
(0.0126958 0.0136477 8.51966e-19)
(0.0104822 0.00399099 -8.77839e-19)
(0.00486631 -0.00260448 -0)
(-0.00270717 -0.00541704 0)
(-0.0108191 -0.00386813 0)
(-0.0169449 0.00222079 0)
(-0.0186659 0.0118055 0)
(-0.0151126 0.0227015 0)
(-0.00774269 0.03251 -5.13738e-19)
(0.000779035 0.0374092 3.82612e-21)
(0.00699299 0.0378857 3.82549e-19)
(0.00886052 0.0335975 0)
(0.0053669 0.0254063 0)
(-0.0035721 0.0153151 0)
(-0.0176041 0.00375353 0)
(-0.0342376 -0.00708969 0)
(-0.0506866 -0.0155104 9.63773e-20)
(-0.0686196 -0.0224345 -8.74521e-20)
(-0.0863228 -0.0283136 -0)
(-0.103185 -0.034223 0)
(-0.119069 -0.0417725 0)
(-0.134883 -0.0530529 -4.00762e-20)
(-0.149098 -0.0707465 4.3712e-20)
(-0.155844 -0.110126 0)
(0.000100897 -0.00244682 0)
(0.133153 0.00248486 -2.59792e-22)
(0.17697 -0.00108454 0)
(0.215859 0.000295584 -1.78212e-22)
(0.305647 -6.50496e-05 0)
(0.376367 -0.00166711 0)
(0.458895 -0.000320836 0)
(0.540939 -0.000342095 0)
(0.631327 -0.000273938 0)
(0.671235 0.00322842 -1.80009e-22)
(0.785803 0.00611017 -0)
(0.729737 -0.00143329 0)
(0.740763 -0.00447095 0)
(0.0884152 -0.00192212 0)
(0.398587 -0.0140046 0)
(-24.4804 6.20656 0)
(-0.216967 0.000181911 0)
(-0.505018 0.00119096 0)
(-0.763937 0.000807873 0)
(-0.98611 -0.0040377 -0)
(-0.157203 0.000175266 1.39642e-22)
(-1.33328 0.00468953 -0)
(-1.44182 -0.000230301 1.82445e-22)
(-1.47886 -0.000358754 0)
(-1.51142 -0.000267306 1.73475e-22)
(-1.56443 -7.89899e-05 0)
(-1.67663 7.32579e-05 1.62218e-22)
(-1.78502 0.000114465 0)
(-1.93737 -0.00969184 0)
(-2.26134 -0.000513218 -0)
(-2.404 0.0111061 1.37901e-22)
(-2.6507 0.00092628 1.32012e-22)
(-2.88687 0.000904672 1.2643e-22)
(-3.0868 0.000740614 1.21169e-22)
(-3.23545 0.000297399 1.16323e-22)
(-3.27563 -0.0158974 0)
(-3.64587 0.0606067 0)
(-3.02476 0.0138458 1.05615e-22)
(-2.67693 -0.0131226 1.0343e-22)
(-2.52935 -0.0698548 1.65824e-22)
(-2.0955 0.0532908 1.54202e-22)
(-1.48333 0.00137873 1.02728e-22)
(-1.30395 -0.014909 1.59067e-22)
(-0.996645 0.000723351 0)
(-0.968383 0.00174883 1.65461e-22)
(-0.646728 0.000754349 1.13739e-22)
(-0.581534 -0.0114768 1.77452e-22)
(-14.1764 0.0516165 8.01897e-24)
(-0.253081 0.000954298 1.87078e-22)
(-0.452158 1.79247 1.38906e-21)
(1.95168 -0.0339911 0)
(0.233064 -0.297327 1.07656e-23)
(0.255068 -0.0141547 1.33398e-22)
(0.344721 -0.000441003 1.35163e-22)
(0.429329 -0.000394971 1.36539e-22)
(0.501974 -0.000331347 1.37738e-22)
(0.558869 -0.000260582 1.38783e-22)
(0.599379 -0.000226375 0)
(0.633585 -0.000261779 1.40128e-22)
(0.670053 -0.000319056 0)
(0.700264 -0.000308315 0)
(0.707371 -0.000172109 0)
(0.656347 0.00134854 -1.32155e-22)
(0.2752 0.00272639 -0)
(0.499455 0.0400132 0)
(0.570261 -0.000517674 0)
(0.0366949 -0.0073237 0)
(40.1297 2.75994 0)
(0.12395 -0.0695662 0)
(0.199834 -0.000903841 -1.23663e-22)
(0.30718 -0.000472572 0)
(0.408364 -0.000492537 0)
(0.524106 -0.000693072 0)
(0.70852 -0.00101511 -1.35709e-22)
(0.911972 -0.000849866 0)
(1.02256 -0.000200588 0)
(1.04844 0.000108731 0)
(1.08735 -2.66137e-05 0)
(1.15682 -0.000207219 0)
(1.24413 -0.000299194 0)
(1.3284 -0.000345551 -1.60564e-22)
(1.40657 0.00643463 -0)
(1.50577 -0.0224469 0)
(1.44661 -0.00637139 -1.71869e-22)
(1.36167 0.00642644 -0)
(1.2213 0.0158251 -2.76216e-22)
(1.09652 0.0227513 0)
(1.17139 -0.00434617 0)
(1.14172 0.000803182 2.06774e-22)
(1.16923 0.000570835 0)
(1.24174 0.000438693 -2.40068e-22)
(1.32717 0.000374188 0)
(1.42975 0.00026782 0)
(1.55977 0.000205502 0)
(1.68592 0.00013254 0)
(1.85125 0.000163481 0)
(1.95744 0.000374717 -3.67103e-22)
(2.07206 -0.000873852 0)
(2.33061 -0.00118531 0)
(2.57054 -0.00101803 -5.12482e-20)
(2.86397 -0.00088986 -9.49492e-20)
(3.15339 -0.000672518 0)
(3.48965 -0.000681532 0)
(3.93977 -0.000627375 0)
(4.43777 -0.000548971 0)
(5.03649 -0.000828337 0)
(5.94419 -0.0017168 2.51551e-19)
(6.97825 -0.00266742 0)
(7.63309 -0.00341506 3.73941e-19)
(7.54738 -0.00404325 -2.82468e-19)
(6.72563 -0.00472902 -0)
(5.1443 -0.00432064 0)
(3.10796 -0.00228325 0)
(1.93749 0.0171051 -1.08545e-19)
(-0.0649256 -0.00264613 -1.87755e-20)
(-1.42417 0.00100575 -0)
(-2.00872 0.00219858 2.69672e-20)
(-2.00089 0.00254417 0)
(-1.80254 0.00306379 -1.36833e-19)
(-1.30456 0.00235558 0)
(-1.01806 0.00157374 0)
(-0.784271 0.000704097 0)
(-0.802441 -0.000227952 0)
(-0.898053 -0.00139473 0)
(-1.16113 -0.00342346 -7.79372e-19)
(-1.31782 -0.00173652 2.57779e-19)
(-1.58198 0.00183165 0)
(-1.86054 0.000836489 -8.01479e-19)
(-1.14538 -0.00189313 -0)
(-1.41495 -0.00169143 0)
)
;
    }
    front
    {
        type            empty;
    }
    back
    {
        type            empty;
    }
}


// ************************************************************************* //
