/*--------------------------------*- C++ -*----------------------------------*\
| =========                 |                                                 |
| \\      /  F ield         | OpenFOAM: The Open Source CFD Toolbox           |
|  \\    /   O peration     | Version:  2506                                  |
|   \\  /    A nd           | Website:  www.openfoam.com                      |
|    \\/     M anipulation  |                                                 |
\*---------------------------------------------------------------------------*/
FoamFile
{
    version     2.0;
    format      ascii;
    arch        "LSB;label=32;scalar=64";
    class       volVectorField;
    location    "2000";
    object      wallShearStress;
}
// * * * * * * * * * * * * * * * * * * * * * * * * * * * * * * * * * * * * * //

dimensions      [0 2 -2 0 0 0 0];

internalField   uniform (0 0 0);

boundaryField
{
    inlet
    {
        type            calculated;
        value           uniform (0 0 0);
    }
    outlet
    {
        type            calculated;
        value           uniform (0 0 0);
    }
    lowerWallStartup
    {
        type            symmetryPlane;
    }
    upperWallStartup
    {
        type            symmetryPlane;
    }
    upperWall
    {
        type            calculated;
        value           nonuniform List<vector> 
218
(
(-6.92697 0.00912021 0)
(-5.92151 0.000221926 0)
(-5.67098 7.30615e-05 0)
(-5.52512 4.7528e-05 0)
(-5.42251 3.57401e-05 0)
(-5.34404 2.83591e-05 0)
(-5.28365 2.33048e-05 0)
(-5.23393 1.96714e-05 0)
(-5.19392 1.6815e-05 0)
(-5.15995 1.45448e-05 0)
(-5.13216 1.2743e-05 0)
(-5.10781 1.13365e-05 0)
(-5.08744 1.01616e-05 0)
(-5.06921 9.20465e-06 0)
(-5.05373 8.29856e-06 0)
(-5.03993 7.55063e-06 0)
(-5.02806 6.87879e-06 0)
(-5.01741 6.2983e-06 0)
(-5.00819 5.79789e-06 0)
(-4.99981 5.36217e-06 0)
(-4.9925 4.97294e-06 0)
(-4.9858 4.62384e-06 0)
(-4.97995 4.28787e-06 0)
(-4.97459 3.97973e-06 0)
(-4.96993 3.69057e-06 0)
(-4.96565 3.42142e-06 0)
(-4.96194 3.17e-06 0)
(-4.95853 2.94267e-06 0)
(-4.95557 2.72965e-06 0)
(-4.95284 2.54293e-06 0)
(-4.95046 2.36365e-06 0)
(-4.94827 2.21637e-06 0)
(-4.94634 2.06833e-06 0)
(-4.94456 1.94123e-06 0)
(-4.94298 1.80902e-06 0)
(-4.94155 1.7138e-06 0)
(-4.94023 1.59895e-06 0)
(-4.93908 1.53539e-06 0)
(-4.93794 1.47517e-06 0)
(-4.93694 1.42978e-06 0)
(-4.93593 1.4337e-06 0)
(-4.93498 1.45504e-06 0)
(-4.934 1.4879e-06 0)
(-4.93306 1.61606e-06 0)
(-4.93197 1.68744e-06 0)
(-4.93099 1.76113e-06 0)
(-4.92985 1.79304e-06 0)
(-4.92884 2.37659e-06 0)
(-4.92717 3.22115e-06 0)
(-4.92543 3.5849e-06 0)
(-4.92358 3.51479e-06 0)
(-4.92216 1.89205e-06 0)
(-4.92208 -3.54727e-06 0)
(-4.92571 -1.65097e-05 0)
(-4.93619 -4.03658e-05 0)
(-4.95723 -5.86589e-05 0)
(-4.97956 -7.14262e-05 0)
(-5.00719 -7.40469e-05 0)
(-5.02889 -7.3176e-05 0)
(-5.05331 -6.15666e-05 0)
(-5.06586 -5.39743e-05 0)
(-5.08378 -4.02763e-05 0)
(-5.08756 -3.50384e-05 0)
(-5.09911 -3.95358e-05 0)
(-5.10314 -4.19248e-05 0)
(-5.11237 -4.26653e-05 0)
(-5.1163 -3.40156e-05 0)
(-5.12205 -4.17109e-05 0)
(-5.12779 -2.77265e-05 0)
(-5.12924 -3.79363e-05 0)
(-5.13711 -3.41715e-05 0)
(-5.1374 -2.99517e-05 0)
(-5.14372 -3.18198e-05 0)
(-5.14448 -3.49278e-05 0)
(-5.15079 -3.71679e-05 0)
(-5.15206 -3.80676e-05 0)
(-5.15785 -4.16159e-05 0)
(-5.15987 -4.68594e-05 0)
(-5.16586 -5.44143e-05 0)
(-5.16921 -5.73381e-05 0)
(-5.17483 -6.95853e-05 0)
(-5.18006 -7.35216e-05 0)
(-5.18533 -8.60548e-05 0)
(-5.19229 -9.49507e-05 0)
(-5.1975 -0.000102115 0)
(-5.20579 -0.000110351 0)
(-5.20999 -0.000122525 0)
(-5.2208 -8.22912e-05 0)
(-5.22645 1.6399e-05 2.8709e-21)
(-5.2302 3.75463e-05 0)
(-5.23909 4.40263e-05 -2.87611e-21)
(-5.244 4.53597e-05 2.87883e-21)
(-5.25192 4.47732e-05 0)
(-5.25727 4.48911e-05 2.8829e-21)
(-5.26504 4.60884e-05 0)
(-5.27037 4.64293e-05 0)
(-5.27809 4.79084e-05 0)
(-5.28332 4.82472e-05 0)
(-5.291 4.9365e-05 -2.89566e-21)
(-5.29614 4.98674e-05 0)
(-5.30381 5.04225e-05 2.90165e-21)
(-5.30889 5.12528e-05 0)
(-5.31654 5.14903e-05 2.90801e-21)
(-5.32157 5.23768e-05 -2.91149e-21)
(-5.3292 5.25527e-05 0)
(-5.33418 5.33217e-05 -2.91832e-21)
(-5.34178 5.38584e-05 0)
(-5.34672 5.43124e-05 2.92539e-21)
(-5.35427 5.51282e-05 0)
(-5.35919 5.53777e-05 0)
(-5.36669 5.6121e-05 0)
(-5.37158 5.64255e-05 0)
(-5.37903 5.70951e-05 0)
(-5.3839 5.7491e-05 0)
(-5.39128 5.79182e-05 0)
(-5.39614 5.88448e-05 -2.9554e-21)
(-5.40342 5.87946e-05 2.95909e-21)
(-5.40829 6.02646e-05 -2.96316e-21)
(-5.41545 6.00088e-05 2.96689e-21)
(-5.42032 6.16649e-05 0)
(-5.42733 6.13775e-05 2.97474e-21)
(-5.4322 6.33542e-05 0)
(-5.43903 6.30175e-05 2.98258e-21)
(-5.44391 6.50338e-05 0)
(-5.45052 6.50467e-05 0)
(-5.4554 6.67884e-05 2.99443e-21)
(-5.46178 6.71656e-05 0)
(-5.46666 6.88214e-05 3.00222e-21)
(-5.47279 6.92197e-05 0)
(-5.47767 7.09517e-05 3.00998e-21)
(-5.48353 7.13626e-05 0)
(-5.48839 7.32162e-05 3.01771e-21)
(-5.49397 7.34245e-05 0)
(-5.4988 7.58095e-05 0)
(-5.50407 7.59446e-05 3.02923e-21)
(-5.50884 7.86183e-05 0)
(-5.51381 7.90201e-05 3.03696e-21)
(-5.51844 8.15624e-05 0)
(-5.52311 8.24123e-05 3.0447e-21)
(-5.52756 8.48335e-05 0)
(-5.53194 8.60104e-05 3.05245e-21)
(-5.53616 8.81118e-05 0)
(-5.54024 8.99528e-05 0)
(-5.54419 9.15435e-05 3.06413e-21)
(-5.54798 9.3895e-05 0)
(-5.55163 9.53316e-05 3.07198e-21)
(-5.55512 9.76846e-05 0)
(-5.55846 9.91988e-05 3.07991e-21)
(-5.56163 0.00010147 0)
(-5.56465 0.000102622 0)
(-5.56753 0.000103907 3.09199e-21)
(-5.57027 0.000105243 3.09608e-21)
(-5.57285 0.000107564 0)
(-5.5752 0.000110892 3.10437e-21)
(-5.57735 0.000112867 0)
(-5.57932 0.000115173 3.11292e-21)
(-5.5811 0.000116744 0)
(-5.58269 0.000119074 3.12168e-21)
(-5.58409 0.000120702 0)
(-5.58529 0.000122842 3.13064e-21)
(-5.5863 0.000124805 3.13519e-21)
(-5.5871 0.000126446 0)
(-5.58771 0.000128673 3.14448e-21)
(-5.58811 0.000130049 0)
(-5.58832 0.000132187 3.15402e-21)
(-5.58832 0.000133504 0)
(-5.58813 0.000135394 0)
(-5.58772 0.000137035 3.16878e-21)
(-5.58711 0.000138441 -3.17381e-21)
(-5.58629 0.000140382 3.17893e-21)
(-5.58528 0.000141588 -3.18408e-21)
(-5.58403 0.000143436 0)
(-5.5826 0.000144632 0)
(-5.58093 0.000146372 0)
(-5.57906 0.000147511 -3.20529e-21)
(-5.57696 0.00014902 0)
(-5.57464 0.000150456 0)
(-5.57215 0.000151586 0)
(-5.56931 0.000152969 0)
(-5.56652 0.000154216 0)
(-5.563 0.000154384 0)
(-5.5602 0.000156191 0)
(-5.55566 0.000152859 3.24972e-21)
(-5.55361 0.000156863 -3.25628e-21)
(-5.54737 0.000103519 0)
(-5.54746 8.23944e-05 0)
(-5.54461 8.91333e-05 8.62895e-22)
(-5.53641 0.000118991 -7.54582e-22)
(-5.52521 0.000135654 -1.32054e-21)
(-5.51075 0.00014966 -1.15725e-21)
(-5.49177 0.000157356 -2.03135e-21)
(-5.46988 0.000165506 -1.78621e-21)
(-5.44113 0.000166407 -1.57404e-21)
(-5.41026 0.000165733 0)
(-5.36966 0.000164505 -2.46285e-21)
(-5.32481 0.00014031 0)
(-5.27535 0.000100014 3.89448e-21)
(-5.21926 4.03125e-05 0)
(-5.15216 1.86188e-05 0)
(-5.04251 4.89411e-05 0)
(-4.8795 0.000124779 0)
(-4.63705 0.000195397 0)
(-4.33756 0.000257211 0)
(-3.96222 0.00031277 -1.13174e-20)
(-3.52088 0.000347814 0)
(-2.96909 0.000490907 1.58009e-20)
(-1.90509 0.000911507 -1.2163e-20)
(-0.0819329 0.000442493 1.17217e-20)
(0.516782 -0.000181123 0)
(0.194246 -0.000552114 5.74331e-21)
(-1.46617 -0.00040811 0)
(-2.99856 0.000225792 0)
(-4.2035 0.000376732 0)
(-4.77569 0.000369357 0)
(-5.36801 -0.00034884 0)
(-5.21511 -0.000975014 0)
(-5.54706 -0.00513142 -5.46343e-20)
(-5.11953 -0.00701961 0)
)
;
    }
    lowerWall
    {
        type            calculated;
        value           nonuniform List<vector> 
266
(
(-6.98607 -0.0093939 0)
(-5.95325 -0.000239566 0)
(-5.68446 -8.05629e-05 0)
(-5.53416 -5.1065e-05 0)
(-5.42853 -3.79969e-05 0)
(-5.3497 -2.98457e-05 0)
(-5.28851 -2.45224e-05 0)
(-5.23866 -2.07229e-05 0)
(-5.19794 -1.77061e-05 0)
(-5.16399 -1.53787e-05 0)
(-5.13538 -1.35618e-05 0)
(-5.1108 -1.21258e-05 0)
(-5.08954 -1.0909e-05 0)
(-5.07105 -9.91705e-06 0)
(-5.05472 -9.07187e-06 0)
(-5.04036 -8.29267e-06 0)
(-5.02769 -7.6084e-06 0)
(-5.01647 -7.02814e-06 0)
(-5.00645 -6.5022e-06 0)
(-4.99754 -6.0566e-06 0)
(-4.98946 -5.65046e-06 0)
(-4.98228 -5.28655e-06 0)
(-4.97572 -4.92245e-06 0)
(-4.96995 -4.59061e-06 0)
(-4.96465 -4.27294e-06 0)
(-4.96003 -3.97737e-06 0)
(-4.95576 -3.70754e-06 0)
(-4.95205 -3.45543e-06 0)
(-4.94861 -3.23634e-06 0)
(-4.94559 -3.02408e-06 0)
(-4.94281 -2.82198e-06 0)
(-4.94038 -2.62652e-06 0)
(-4.93814 -2.44487e-06 0)
(-4.93621 -2.24552e-06 0)
(-4.93446 -2.07552e-06 0)
(-4.93294 -1.8811e-06 0)
(-4.93161 -1.68259e-06 0)
(-4.9305 -1.46705e-06 0)
(-4.92958 -1.26241e-06 0)
(-4.92884 -1.01587e-06 0)
(-4.92833 -7.20795e-07 0)
(-4.92803 -3.6807e-07 0)
(-4.92801 2.71161e-09 0)
(-4.92819 2.89741e-07 0)
(-4.92852 4.30762e-07 0)
(-4.92891 6.41119e-07 0)
(-4.92954 1.10625e-06 0)
(-4.93048 1.94125e-06 0)
(-4.93198 3.19042e-06 0)
(-4.93412 4.76333e-06 0)
(-4.937 6.46044e-06 0)
(-4.94051 8.40369e-06 0)
(-4.94486 1.03478e-05 0)
(-4.94971 1.23648e-05 0)
(-4.95535 1.43929e-05 0)
(-4.9614 1.67247e-05 0)
(-4.96834 1.90383e-05 0)
(-4.97561 2.17804e-05 0)
(-4.98392 2.45352e-05 0)
(-4.99247 2.7905e-05 0)
(-5.00233 3.14755e-05 0)
(-5.01245 3.54517e-05 0)
(-5.02395 4.10791e-05 0)
(-5.03444 4.66428e-05 0)
(-5.04346 5.25714e-05 0)
(-5.05306 5.73636e-05 0)
(-5.06281 6.34102e-05 0)
(-5.07337 6.87447e-05 0)
(-5.08379 7.50179e-05 0)
(-5.0951 8.18164e-05 0)
(-5.10639 8.91667e-05 0)
(-5.11841 9.6435e-05 0)
(-5.13052 0.000106266 0)
(-5.14347 0.000114491 0)
(-5.15652 0.00012567 0)
(-5.17015 0.000137666 0)
(-5.1849 0.000149116 0)
(-5.19849 0.000164538 0)
(-5.21595 0.000180087 0)
(-5.22874 0.000200978 0)
(-5.25099 0.000217093 0)
(-5.26046 0.000259073 0)
(-5.29304 0.000315779 0)
(-5.29938 0.000327033 0)
(-5.34354 0.000678369 0)
(-5.3746 0.000541234 0)
(-5.41436 0.0019256 0)
(-5.61772 0.0703633 0)
(-6.25211 -233.225 0)
(-0.000116155 -0.00587631 0)
(-0.000515487 -0.00368939 1.23869e-24)
(-0.00729512 -0.0490383 -1.31662e-23)
(-0.000659203 -0.00325294 0)
(-0.000792004 -0.0029434 0)
(-0.000916246 -0.00260954 0)
(-0.00101489 -0.00223683 0)
(-0.00105711 -0.00180427 -0)
(-0.000991173 -0.00129732 -1.87141e-23)
(-0.000733995 -0.000715342 2.63354e-24)
(-0.000156525 -8.38261e-05 3.80557e-23)
(0.000935517 0.000517732 -8.02878e-23)
(0.00282078 0.000897135 0)
(0.00585971 0.000649735 -5.89841e-22)
(0.0104102 -0.000953363 7.81841e-22)
(0.0165722 -0.00496429 0)
(0.023783 -0.0124842 0)
(0.0306409 -0.0240379 0)
(0.0356825 -0.0393526 -6.65157e-21)
(0.0386593 -0.059219 5.17682e-21)
(0.0403634 -0.0871109 -7.98898e-21)
(0.0381467 -0.121003 6.87892e-21)
(0.0308986 -0.15788 0)
(0.0196189 -0.184332 -8.08738e-21)
(0.00739497 -0.195048 8.42054e-21)
(-0.00490269 -0.193907 0)
(-0.016138 -0.184266 0)
(-0.0255133 -0.169564 0)
(-0.0327357 -0.152516 0)
(-0.0378013 -0.135065 0)
(-0.0408973 -0.118426 -0)
(-0.0422761 -0.103288 6.05724e-21)
(-0.0422432 -0.0900879 4.70076e-22)
(-0.0412402 -0.0791242 -4.13357e-21)
(-0.0397249 -0.0703919 -0)
(-0.0382541 -0.0651377 0)
(-0.0383743 -0.0679031 0)
(-0.0436901 -0.0853447 0)
(-0.060293 -0.122518 0)
(-0.0890931 -0.170471 4.51349e-20)
(-0.127899 -0.218845 -5.36085e-20)
(-0.172777 -0.261605 0)
(-0.219865 -0.296921 0)
(-0.266095 -0.325029 -0)
(-0.312637 -0.347143 -7.8885e-20)
(-0.351991 -0.364736 9.09071e-20)
(-0.374092 -0.441428 0)
(-1.07339 1.15152 0)
(-0.0123827 0.00212042 1.06282e-23)
(18.2555 0.259284 0)
(0.623517 -0.00520173 7.03492e-24)
(0.876943 -0.00397932 0)
(1.10411 -0.00112061 0)
(1.30805 -0.000936348 0)
(1.44497 -0.000712874 0)
(1.52949 -0.000434222 0)
(1.53046 0.00707285 4.42515e-25)
(1.67493 0.0205276 0)
(1.55398 -0.0489183 0)
(0.778757 -0.000898275 0)
(1.10346 0.0221926 0)
(0.824668 -0.00567228 0)
(0.552678 -0.273049 0)
(-5.85218 0.0378714 0)
(-0.289697 0.124035 0)
(-0.421789 0.000845525 0)
(-0.581408 -0.00279811 0)
(-0.71514 0.00168923 -4.92244e-23)
(-0.77586 0.0033521 0)
(-0.838676 0.000149122 -3.84934e-23)
(-0.88919 -0.0041304 0)
(-0.992155 0.0011099 -6.62571e-23)
(-0.97055 0.00446037 0)
(-1.00481 0.000131646 -4.70137e-23)
(-1.01901 4.48857e-05 -0)
(-1.02476 -0.004701 0)
(-1.08109 -0.00925476 0)
(-1.0895 0.000515225 -7.68219e-23)
(-1.04105 0.0141425 -7.77691e-23)
(-0.898418 0.000244144 -5.02595e-23)
(-0.947899 0.000835038 -7.67408e-23)
(-0.791721 0.000255449 -4.96709e-23)
(-0.846463 -0.0125597 0)
(-0.807952 0.000800758 0)
(-0.755887 0.00068339 -7.38857e-23)
(-0.72785 0.000433317 -7.28203e-23)
(-0.703213 0.000441405 -7.18706e-23)
(-0.672126 0.000562627 -7.09271e-23)
(-0.640275 0.000773322 -6.98328e-23)
(-0.572326 0.000898313 -6.88349e-23)
(-0.503701 0.000853532 0)
(-0.425993 0.000537977 -6.65945e-23)
(-0.405137 0.000471847 -6.16404e-23)
(-0.546822 0.00159542 -5.36664e-23)
(-3.62919 0.0149139 -1.38966e-21)
(-0.179203 0.000782651 -6.10278e-23)
(-0.134462 0.00248657 -5.95039e-23)
(-0.063976 0.033933 0)
(1.91357 -0.09818 -6.06653e-25)
(0.108607 0.052783 -3.4729e-23)
(0.136192 -0.00228059 -5.17708e-23)
(0.200661 0.000948619 -4.81668e-23)
(0.260671 0.000974577 -4.59773e-23)
(0.315891 -0.00204937 -4.37278e-23)
(0.356104 0.000297256 0)
(0.420113 0.0035484 -3.89595e-23)
(0.471477 0.000746418 0)
(0.513454 -0.00437959 0)
(0.533601 -0.00235178 0)
(0.572552 -0.00012486 1.8542e-23)
(0.612411 0.0028344 0)
(0.689398 -0.000424582 0)
(0.676919 -0.00304442 0)
(0.706669 -9.18143e-05 0)
(0.732991 0.00338115 0)
(0.81033 0.00802508 -0)
(0.833543 -0.00837353 1.12852e-23)
(0.799716 -0.00364923 0)
(0.824444 -8.08093e-05 0)
(0.841273 -4.96104e-05 0)
(0.853348 -3.15742e-05 3.59661e-24)
(0.861377 -1.59557e-05 0)
(0.866027 -1.07351e-06 0)
(0.866541 1.22248e-05 0)
(0.864953 2.63126e-05 0)
(0.858133 5.06649e-05 -0)
(0.846532 0.00387742 -0)
(0.898928 0.00975604 1.76672e-24)
(0.883173 -0.000201961 0)
(0.863806 -0.000221121 -0)
(0.84523 -0.000230379 1.70842e-24)
(0.825433 -0.00023987 -0)
(0.804619 -0.000242401 2.69384e-24)
(0.785298 -0.000243045 0)
(0.763486 -0.000234905 0)
(0.74781 -0.000223267 -4.84465e-24)
(0.725434 -0.00823796 0)
(0.658446 -9.63745e-05 4.40173e-24)
(0.687945 0.00776513 0)
(0.677972 -0.00758642 0)
(0.604089 -0.0028096 0)
(0.605272 1.36843e-05 0)
(0.579442 0.00268866 -0)
(0.628727 -0.000711963 1.32106e-23)
(0.574564 -0.00279841 0)
(0.559935 0.00259577 0)
(0.619735 0.000852921 2.03781e-21)
(0.560477 -0.00229121 2.4892e-21)
(0.570302 -8.77275e-06 0)
(0.549375 2.90814e-05 0)
(0.528046 3.40883e-05 0)
(0.493502 -9.2396e-05 -0)
(0.549982 -0.000665953 0)
(1.05145 -0.00165083 -6.8146e-21)
(2.29908 -0.00220867 0)
(3.64297 -0.00192368 -3.01056e-21)
(4.72837 -0.00148408 -1.29956e-21)
(5.61576 -0.00116359 0)
(6.23027 -0.000593814 0)
(6.10197 0.000140986 0)
(5.15327 0.000740543 -1.07691e-20)
(3.32055 0.0019517 1.02077e-21)
(0.497343 0.00588859 -0)
(-2.4323 0.000823585 3.18996e-20)
(-3.76896 0.000245411 -0)
(-4.55168 0.000293058 8.81464e-20)
(-5.13315 0.000519167 0)
(-5.73415 0.000818515 0)
(-6.33568 0.000974069 0)
(-6.75836 0.000790605 0)
(-6.38233 0.000422962 0)
(-5.88788 0.000114423 1.94583e-19)
(-4.95873 -0.00010099 -1.25663e-19)
(-4.16427 -2.55635e-05 0)
(-3.61283 -0.000154783 1.21895e-19)
(-2.79576 0.000403332 0)
(-2.6034 0.00023643 0)
)
;
    }
    front
    {
        type            empty;
    }
    back
    {
        type            empty;
    }
}


// ************************************************************************* //
