0 	-144.403 	0 	0 	0 	0.000483165 	-0.205036 	6.38433e-22 	-1.3141e-05 	1.28528e-21 	-0.000470024
3.56958e-06 	-144.403 	0.0233689 	3.09198e-07 	1.41215e-22 	1.40513e-06 	-0.151491 	-4.26222e-24 	-1.42712e-06 	-1.71604e-22 	2.19957e-08
7.24009e-06 	-144.403 	0.0702859 	3.23403e-07 	7.29788e-23 	-3.74763e-06 	-0.200024 	-9.0966e-25 	3.6461e-06 	1.08913e-21 	1.01532e-07
1.10145e-05 	-144.403 	0.118025 	-5.53477e-07 	-3.86298e-22 	-7.29673e-06 	-0.197777 	4.73309e-23 	7.52599e-06 	-5.52936e-22 	-2.29267e-07
1.48956e-05 	-144.403 	0.166639 	-1.56675e-06 	3.74491e-22 	-8.51733e-06 	-0.19576 	-4.88306e-23 	8.5159e-06 	-1.4455e-21 	1.43216e-09
1.88867e-05 	-144.403 	0.216194 	-2.68778e-06 	3.16359e-22 	-8.42983e-06 	-0.194 	-4.33208e-23 	8.43581e-06 	1.99813e-21 	-5.97967e-09
2.29908e-05 	-144.403 	0.266765 	-3.73886e-06 	-6.81623e-22 	-6.99239e-06 	-0.192519 	1.15378e-22 	7.00597e-06 	5.16471e-22 	-1.35875e-08
2.72112e-05 	-144.403 	0.318445 	-4.5399e-06 	8.81808e-23 	-4.37245e-06 	-0.191333 	-1.28636e-24 	4.38606e-06 	7.65624e-22 	-1.36169e-08
3.15512e-05 	-144.403 	0.371333 	-4.92399e-06 	-1.15386e-21 	-7.34508e-07 	-0.190458 	2.8918e-22 	7.48098e-07 	2.96482e-21 	-1.35903e-08
3.60143e-05 	-144.403 	0.425544 	-4.73222e-06 	-1.54782e-21 	3.77973e-06 	-0.189902 	4.05238e-22 	-3.76583e-06 	-8.58184e-21 	-1.38943e-08
4.06041e-05 	-144.403 	0.481199 	-3.8125e-06 	3.96967e-21 	9.04247e-06 	-0.189671 	-9.93968e-22 	-9.02825e-06 	-1.06962e-20 	-1.42172e-08
4.5324e-05 	-144.403 	0.538434 	-2.01959e-06 	4.67858e-21 	1.49366e-05 	-0.189769 	-1.32028e-21 	-1.4922e-05 	1.00317e-20 	-1.45517e-08
5.0178e-05 	-144.403 	0.597392 	7.8496e-07 	-2.39077e-21 	2.13539e-05 	-0.190194 	5.75243e-22 	-2.1339e-05 	1.14703e-20 	-1.49115e-08
5.51699e-05 	-144.403 	0.658227 	4.73259e-06 	-2.34985e-21 	2.81937e-05 	-0.190947 	6.08583e-22 	-2.81784e-05 	-3.23433e-21 	-1.53119e-08
6.03036e-05 	-144.403 	0.721101 	9.94744e-06 	-2.20208e-22 	3.53619e-05 	-0.192023 	2.7936e-23 	-3.53461e-05 	-2.17877e-21 	-1.57684e-08
6.55832e-05 	-144.403 	0.786187 	1.6546e-05 	-9.70047e-22 	4.27707e-05 	-0.193419 	2.68438e-22 	-4.27544e-05 	-5.47385e-21 	-1.6299e-08
7.10129e-05 	-144.403 	0.853663 	2.46365e-05 	3.67136e-21 	5.03402e-05 	-0.19513 	-1.23125e-21 	-5.03233e-05 	-6.14888e-21 	-1.69417e-08
7.65971e-05 	-144.403 	0.923718 	3.43194e-05 	3.23773e-21 	5.80023e-05 	-0.197151 	-1.23113e-21 	-5.79845e-05 	1.82778e-20 	-1.77314e-08
8.23401e-05 	-144.403 	0.996547 	4.56879e-05 	-9.91362e-21 	6.57077e-05 	-0.19948 	3.25905e-21 	-6.56891e-05 	7.11194e-21 	-1.86605e-08
8.82467e-05 	-144.403 	1.07235 	5.88309e-05 	-1.49776e-21 	7.34388e-05 	-0.202113 	5.71307e-22 	-7.34191e-05 	-1.87573e-20 	-1.96271e-08
9.43215e-05 	-144.403 	1.15132 	7.38386e-05 	4.35067e-21 	8.12257e-05 	-0.20505 	-1.36479e-21 	-8.12053e-05 	7.40382e-21 	-2.03961e-08
0.000100569 	-144.403 	1.23366 	9.08122e-05 	-7.82981e-21 	8.91643e-05 	-0.208292 	2.90773e-21 	-8.91436e-05 	7.68018e-22 	-2.0702e-08
0.000106995 	-144.403 	1.31955 	0.000109878 	4.4078e-21 	9.74263e-05 	-0.211841 	-1.49369e-21 	-9.74058e-05 	-1.71832e-20 	-2.05128e-08
0.000113604 	-144.403 	1.40917 	0.000131203 	6.15321e-21 	0.000106256 	-0.215704 	-2.20683e-21 	-0.000106236 	1.29452e-20 	-2.01314e-08
0.000120402 	-144.402 	1.50267 	0.000155013 	-6.95591e-21 	0.00011595 	-0.219883 	2.59967e-21 	-0.00011593 	5.28096e-21 	-1.99632e-08
0.000127393 	-144.402 	1.60018 	0.000181603 	2.12773e-21 	0.000126836 	-0.224381 	-7.88851e-22 	-0.000126816 	-2.28663e-20 	-2.02215e-08
0.000134584 	-144.402 	1.70185 	0.000211348 	1.33872e-20 	0.000139259 	-0.229201 	-5.36261e-21 	-0.000139238 	4.09982e-21 	-2.07789e-08
0.00014198 	-144.402 	1.80779 	0.000244712 	-2.22375e-21 	0.000153576 	-0.234343 	7.28521e-22 	-0.000153555 	2.44671e-20 	-2.13631e-08
0.000149588 	-144.402 	1.91811 	0.000282252 	-8.98017e-21 	0.000170166 	-0.239808 	3.55068e-21 	-0.000170144 	2.52385e-21 	-2.18547e-08
0.000157413 	-144.402 	2.03292 	0.000324628 	-4.33438e-21 	0.000189435 	-0.245598 	1.95451e-21 	-0.000189413 	1.1002e-20 	-2.22394e-08
0.000165461 	-144.402 	2.1523 	0.000372609 	-1.99171e-20 	0.000211815 	-0.251715 	8.94952e-21 	-0.000211793 	-8.42379e-21 	-2.25092e-08
0.00017374 	-144.402 	2.27633 	0.000427076 	4.61232e-21 	0.000237754 	-0.258156 	-1.82567e-21 	-0.000237731 	-4.11479e-20 	-2.27064e-08
0.000182255 	-144.402 	2.40506 	0.000489025 	2.0195e-20 	0.0002677 	-0.26492 	-8.78253e-21 	-0.000267677 	-1.7389e-21 	-2.29324e-08
0.000191014 	-144.402 	2.53853 	0.000559558 	5.82201e-21 	0.000302075 	-0.271999 	-2.71057e-21 	-0.000302052 	4.55987e-21 	-2.32213e-08
0.000200023 	-144.401 	2.67675 	0.000639871 	1.61195e-20 	0.000341249 	-0.279384 	-8.25035e-21 	-0.000341225 	1.54739e-20 	-2.3549e-08
0.000209291 	-144.401 	2.81972 	0.000731227 	-1.04879e-20 	0.000385499 	-0.28706 	5.14628e-21 	-0.000385475 	3.66831e-20 	-2.4027e-08
0.000218823 	-144.401 	2.9674 	0.000834926 	-2.07854e-20 	0.000434978 	-0.295005 	1.09041e-20 	-0.000434953 	-1.99146e-20 	-2.47268e-08
0.000228629 	-144.401 	3.11976 	0.000952263 	1.05032e-20 	0.000489666 	-0.303191 	-5.76385e-21 	-0.00048964 	-3.11051e-20 	-2.54449e-08
0.000238716 	-144.401 	3.27673 	0.00108447 	1.05032e-20 	0.000549328 	-0.311582 	-6.13616e-21 	-0.000549302 	2.13957e-20 	-2.63421e-08
0.000249092 	-144.4 	3.43824 	0.00123268 	-1.1946e-20 	0.000613465 	-0.320131 	6.82853e-21 	-0.000613437 	2.64444e-20 	-2.77286e-08
0.000259765 	-144.4 	3.6042 	0.0013978 	-1.64773e-20 	0.000681258 	-0.328781 	1.03611e-20 	-0.000681229 	-1.67902e-20 	-2.92855e-08
0.000270745 	-144.4 	3.77452 	0.00158049 	5.95704e-21 	0.000751528 	-0.337465 	-3.5498e-21 	-0.000751497 	-3.64317e-20 	-3.0885e-08
0.000282039 	-144.399 	3.94905 	0.00178104 	2.082e-20 	0.000822682 	-0.346099 	-1.47296e-20 	-0.00082265 	5.21e-21 	-3.26683e-08
0.000293658 	-144.399 	4.12768 	0.0019993 	2.86328e-23 	0.000892669 	-0.354587 	-5.29298e-24 	-0.000892635 	1.51088e-20 	-3.45735e-08
0.000305611 	-144.399 	4.31024 	0.00223454 	5.91558e-21 	0.000958931 	-0.362814 	-5.221e-21 	-0.000958894 	-1.67453e-22 	-3.65897e-08
0.000317906 	-144.398 	4.49655 	0.00248537 	3.59376e-23 	0.00101835 	-0.37065 	5.32523e-23 	-0.00101832 	2.1391e-20 	-3.87375e-08
0.000330555 	-144.398 	4.68639 	0.00274959 	-1.61826e-20 	0.00106723 	-0.377944 	1.28278e-20 	-0.00106719 	4.77121e-22 	-4.09898e-08
0.000343567 	-144.397 	4.87951 	0.00302405 	0 	0.00110124 	-0.384527 	1.80888e-23 	-0.0011012 	-7.28464e-21 	-4.33022e-08
0.000356953 	-144.397 	5.07564 	0.00330453 	-8.83884e-21 	0.00111539 	-0.390209 	9.35096e-21 	-0.00111534 	2.6154e-22 	-4.56835e-08
0.000370724 	-144.396 	5.27443 	0.00358554 	-9.73015e-24 	0.00110405 	-0.394781 	-7.55497e-23 	-0.001104 	-6.66099e-21 	-4.81466e-08
0.000384892 	-144.396 	5.4755 	0.00386013 	-3.08195e-21 	0.00106095 	-0.398016 	1.89441e-21 	-0.0010609 	2.88332e-20 	-5.03698e-08
0.000399466 	-144.395 	5.67838 	0.00411969 	-2.92799e-20 	0.000979251 	-0.399669 	3.22902e-20 	-0.000979198 	-2.39972e-20 	-5.29439e-08
0.000414461 	-144.395 	5.88256 	0.00435372 	2.41389e-20 	0.000851574 	-0.399481 	-2.24392e-20 	-0.000851517 	-9.00628e-20 	-5.71109e-08
0.000429886 	-144.394 	6.08744 	0.0045495 	6.22488e-20 	0.0006702 	-0.397186 	-6.77157e-20 	-0.000670142 	1.20454e-20 	-5.81728e-08
0.000445756 	-144.393 	6.2923 	0.00469188 	8.77823e-21 	0.000427275 	-0.392512 	-1.2445e-20 	-0.00042722 	7.16572e-20 	-5.57051e-08
0.000462084 	-144.393 	6.49637 	0.00476288 	-1.19629e-20 	0.000115034 	-0.385192 	1.095e-20 	-0.000114975 	-1.8946e-21 	-5.86933e-08
0.000478881 	-144.392 	6.69871 	0.00474124 	1.23552e-20 	-0.000273972 	-0.374976 	-1.44091e-20 	0.000274034 	1.75279e-20 	-6.18509e-08
0.000496163 	-144.391 	6.89829 	0.00460199 	-3.19009e-20 	-0.000746446 	-0.361644 	3.41346e-20 	0.000746504 	7.22312e-20 	-5.79653e-08
0.000513943 	-144.391 	7.09391 	0.00431583 	-6.67283e-20 	-0.00130779 	-0.345015 	7.25744e-20 	0.00130784 	-3.56058e-20 	-5.35034e-08
0.000532235 	-144.39 	7.2842 	0.00384846 	1.03734e-20 	-0.00196155 	-0.324972 	-1.02253e-20 	0.0019616 	-8.83127e-20 	-4.88961e-08
0.000551056 	-144.389 	7.4676 	0.00315981 	3.28455e-20 	-0.00270884 	-0.301482 	-3.47951e-20 	0.00270888 	1.65339e-20 	-4.07479e-08
0.000570419 	-144.389 	7.64234 	0.00220315 	-1.03599e-20 	-0.00354757 	-0.274622 	1.12226e-20 	0.0035476 	2.82494e-20 	-2.96715e-08
0.000590341 	-144.388 	7.8064 	0.000924116 	4.08664e-22 	-0.00447172 	-0.244603 	4.80512e-22 	0.00447173 	-3.76563e-20 	-1.67653e-08
0.000610838 	-144.387 	7.95749 	-0.000740255 	3.79733e-20 	-0.00547052 	-0.211799 	-3.29172e-20 	0.00547052 	-8.88437e-22 	-4.54317e-09
0.000631927 	-144.387 	8.09304 	-0.00286226 	-1.54971e-21 	-0.0065278 	-0.176775 	-1.99952e-21 	0.00652779 	7.63807e-20 	1.73734e-09
0.000653625 	-144.386 	8.21025 	-0.00552369 	-7.18579e-20 	-0.00762141 	-0.140305 	5.06499e-20 	0.00762141 	-6.80313e-22 	-6.03725e-09
0.00067595 	-144.386 	8.30612 	-0.00881484 	8.87735e-21 	-0.00872294 	-0.103377 	3.24408e-21 	0.00872298 	-7.36052e-20 	-3.66281e-08
0.00069892 	-144.385 	8.37763 	-0.0128314 	4.55159e-20 	-0.00979792 	-0.0671789 	-2.79043e-20 	0.00979802 	3.01697e-21 	-9.33884e-08
0.000722554 	-144.385 	8.42203 	-0.017668 	-6.46494e-21 	-0.0108067 	-0.033039 	-5.30975e-22 	0.0108069 	2.57611e-20 	-1.65588e-07
0.000746872 	-144.385 	8.43727 	-0.0234087 	0 	-0.0117066 	-0.00233326 	2.0771e-22 	0.0117068 	3.70184e-20 	-2.20957e-07
0.000771893 	-144.385 	8.42256 	-0.030113 	-8.73408e-20 	-0.0124548 	0.0236538 	2.6014e-20 	0.0124551 	1.55829e-21 	-2.4019e-07
0.000797637 	-144.386 	8.37888 	-0.0378021 	6.30586e-21 	-0.0130144 	0.0438861 	1.96124e-21 	0.0130146 	-5.11605e-20 	-2.21313e-07
0.000824127 	-144.386 	8.30943 	-0.0464484 	3.59538e-20 	-0.0133606 	0.0577297 	-1.35596e-20 	0.0133607 	-4.06907e-22 	-1.58904e-07
0.000851383 	-144.387 	8.21966 	-0.0559718 	3.1992e-21 	-0.013487 	0.0650589 	7.90394e-22 	0.0134871 	-5.72951e-21 	-1.13462e-07
0.000879428 	-144.388 	8.1169 	-0.0662479 	6.0892e-20 	-0.0134103 	0.0662929 	-9.03219e-21 	0.0134104 	3.46563e-20 	-1.5341e-07
0.000908286 	-144.39 	8.00959 	-0.0771238 	-1.17398e-19 	-0.01317 	0.0623422 	1.73087e-20 	0.0131703 	2.00348e-20 	-2.47674e-07
0.000937979 	-144.392 	7.90628 	-0.0884398 	4.84131e-21 	-0.0128205 	0.0544549 	4.20856e-22 	0.0128208 	-1.15645e-19 	-3.26905e-07
0.000968533 	-144.394 	7.81456 	-0.100051 	3.0376e-19 	-0.0124178 	0.0440037 	-3.95132e-20 	0.0124181 	-3.11014e-21 	-3.38629e-07
0.000999972 	-144.396 	7.74024 	-0.111844 	-5.35789e-21 	-0.0120088 	0.0322781 	-1.71422e-21 	0.0120091 	9.31056e-20 	-2.96707e-07
0.00103232 	-144.399 	7.687 	-0.123744 	-5.40532e-20 	-0.0116254 	0.0203396 	7.34244e-21 	0.0116256 	1.80589e-20 	-2.79045e-07
0.00106561 	-144.402 	7.65644 	-0.135711 	-7.82582e-20 	-0.0112858 	0.00895947 	5.86117e-21 	0.0112861 	-1.29317e-20 	-2.61021e-07
0.00109986 	-144.405 	7.64849 	-0.147736 	2.92094e-21 	-0.0109965 	-0.00138153 	1.36359e-21 	0.0109966 	-3.50599e-20 	-1.86948e-07
0.00113511 	-144.409 	7.66195 	-0.159828 	7.53529e-20 	-0.0107531 	-0.0104477 	-6.24575e-21 	0.0107532 	5.97992e-20 	-1.64977e-07
0.00117138 	-144.414 	7.69498 	-0.172011 	-2.78635e-19 	-0.0105486 	-0.0181835 	2.49719e-20 	0.0105488 	4.88568e-20 	-2.21942e-07
0.0012087 	-144.418 	7.74553 	-0.184309 	-1.39989e-19 	-0.0103773 	-0.0246511 	1.37347e-20 	0.0103775 	-1.03891e-19 	-2.52397e-07
0.00124711 	-144.424 	7.81157 	-0.196752 	2.21185e-19 	-0.0102326 	-0.0299771 	-1.70579e-20 	0.0102328 	-5.94929e-20 	-2.64091e-07
0.00128663 	-144.429 	7.89127 	-0.209366 	1.41608e-19 	-0.010108 	-0.0343169 	-1.24877e-20 	0.0101083 	3.16442e-20 	-2.83463e-07
0.0013273 	-144.436 	7.98301 	-0.222177 	6.3867e-20 	-0.00999792 	-0.0378291 	-6.02144e-21 	0.00999821 	5.48327e-20 	-2.90071e-07
0.00136915 	-144.442 	8.08548 	-0.235206 	-1.44414e-19 	-0.00989723 	-0.0406599 	1.13094e-20 	0.00989752 	2.49724e-20 	-2.88082e-07
0.00141222 	-144.45 	8.19761 	-0.248471 	-6.32025e-20 	-0.00980219 	-0.0429332 	6.21059e-21 	0.00980251 	-5.22261e-20 	-3.23226e-07
0.00145653 	-144.458 	8.31852 	-0.261987 	1.44179e-19 	-0.00971118 	-0.0447523 	-1.25147e-20 	0.00971156 	1.24014e-21 	-3.76317e-07
0.00150214 	-144.467 	8.44751 	-0.275768 	-8.04826e-20 	-0.00962383 	-0.0462026 	4.55722e-21 	0.00962417 	2.91648e-20 	-3.44027e-07
0.00154907 	-144.476 	8.58401 	-0.289826 	-1.69545e-20 	-0.00953697 	-0.0473427 	-6.98763e-22 	0.00953727 	-3.45769e-21 	-3.01116e-07
0.00159737 	-144.486 	8.72756 	-0.304169 	-6.38094e-20 	-0.00944799 	-0.0482167 	6.6143e-21 	0.00944834 	-2.7935e-20 	-3.46925e-07
0.00164707 	-144.498 	8.87778 	-0.318808 	1.60488e-19 	-0.00935805 	-0.0488664 	-9.08402e-21 	0.00935844 	-4.31136e-20 	-3.86339e-07
0.00169821 	-144.51 	9.03432 	-0.333752 	2.06882e-19 	-0.00926908 	-0.0493271 	-1.64945e-20 	0.00926947 	3.84595e-20 	-3.87013e-07
0.00175085 	-144.523 	9.19688 	-0.349009 	-9.58152e-20 	-0.0091822 	-0.0496281 	2.72137e-21 	0.00918259 	3.23633e-20 	-3.87974e-07
0.00180502 	-144.537 	9.36518 	-0.364587 	-8.18489e-22 	-0.00909772 	-0.0497937 	-7.92983e-22 	0.00909811 	-8.09864e-21 	-3.88677e-07
0.00186076 	-144.552 	9.53894 	-0.380496 	-4.46018e-20 	-0.00901567 	-0.0498444 	6.69027e-21 	0.00901606 	-1.79705e-21 	-3.92758e-07
0.00191813 	-144.569 	9.71796 	-0.396742 	1.39332e-20 	-0.00893588 	-0.0497973 	9.33413e-22 	0.00893628 	1.35785e-20 	-3.95805e-07
0.00197717 	-144.586 	9.90203 	-0.413335 	-1.49098e-19 	-0.00885804 	-0.0496666 	8.50751e-21 	0.00885844 	7.18345e-20 	-3.97269e-07
0.00203792 	-144.605 	10.091 	-0.43028 	-5.40138e-19 	-0.0087817 	-0.0494639 	4.06015e-20 	0.00878211 	-6.81613e-20 	-4.04443e-07
0.00210045 	-144.626 	10.2846 	-0.447586 	4.07507e-19 	-0.00870646 	-0.0491993 	-2.7409e-20 	0.00870685 	-1.17311e-19 	-3.93007e-07
0.0021648 	-144.648 	10.4829 	-0.46526 	3.85394e-19 	-0.00863205 	-0.0488819 	-3.06662e-20 	0.00863244 	7.96683e-20 	-3.89725e-07
0.00223102 	-144.671 	10.6856 	-0.483308 	-2.60089e-19 	-0.00855844 	-0.0485199 	1.81974e-20 	0.00855899 	7.59254e-20 	-5.46886e-07
0.00229918 	-144.697 	10.8926 	-0.501739 	-2.4975e-19 	-0.0084857 	-0.0481132 	1.78119e-20 	0.00848629 	1.26164e-20 	-5.90523e-07
0.00236932 	-144.724 	11.1039 	-0.52056 	-3.8273e-19 	-0.00841936 	-0.0476146 	2.93141e-20 	0.0084198 	-4.91518e-20 	-4.37524e-07
0.00244151 	-144.753 	11.3189 	-0.539804 	2.02872e-19 	-0.00836758 	-0.0469819 	-1.86796e-20 	0.00836788 	-9.30241e-20 	-3.00347e-07
0.0025158 	-144.784 	11.5369 	-0.559518 	4.79761e-19 	-0.00832537 	-0.0462778 	-3.51083e-20 	0.00832569 	3.94631e-20 	-3.1123e-07
0.00259227 	-144.817 	11.7579 	-0.579718 	-1.85528e-19 	-0.00828373 	-0.0455848 	1.838e-20 	0.00828411 	5.17744e-20 	-3.78539e-07
0.00267096 	-144.853 	11.982 	-0.600412 	-1.39829e-20 	-0.00824143 	-0.0449203 	-1.05536e-21 	0.00824178 	-1.98598e-20 	-3.55334e-07
0.00275195 	-144.891 	12.2093 	-0.62161 	1.29939e-20 	-0.00819858 	-0.0442802 	1.30868e-21 	0.00819893 	9.1908e-21 	-3.504e-07
0.0028353 	-144.931 	12.4399 	-0.64332 	-1.15213e-19 	-0.00815509 	-0.0436618 	9.71463e-21 	0.00815543 	-1.55258e-20 	-3.38772e-07
0.00292109 	-144.975 	12.674 	-0.665553 	1.87244e-19 	-0.00811095 	-0.0430624 	-1.73765e-20 	0.00811128 	-1.76017e-20 	-3.31222e-07
0.00300938 	-145.021 	12.9116 	-0.688318 	7.77756e-20 	-0.00806613 	-0.0424794 	-8.54193e-21 	0.00806645 	3.06623e-20 	-3.22208e-07
0.00310025 	-145.07 	13.1528 	-0.711626 	-1.62122e-19 	-0.00802066 	-0.041911 	1.69112e-20 	0.00802097 	1.33496e-20 	-3.14304e-07
0.00319378 	-145.123 	13.3977 	-0.735484 	-8.13469e-20 	-0.00797452 	-0.0413553 	7.59433e-21 	0.00797483 	-2.64941e-20 	-3.05771e-07
0.00329004 	-145.179 	13.6464 	-0.759904 	1.58554e-19 	-0.00792768 	-0.0408112 	-1.73582e-20 	0.00792798 	4.84377e-21 	-2.97833e-07
0.00338911 	-145.239 	13.8989 	-0.784896 	-1.46089e-19 	-0.00788013 	-0.0402775 	1.7286e-20 	0.00788042 	8.08943e-21 	-2.90568e-07
0.00349107 	-145.303 	14.1553 	-0.810469 	5.73753e-20 	-0.00783193 	-0.0397537 	-7.24476e-21 	0.00783221 	-1.72791e-20 	-2.83167e-07
0.00359602 	-145.371 	14.4157 	-0.836633 	8.1952e-20 	-0.00778308 	-0.0392391 	-8.3988e-21 	0.00778335 	-2.31173e-22 	-2.75709e-07
0.00370404 	-145.443 	14.6802 	-0.863399 	6.6053e-20 	-0.00773354 	-0.0387326 	-7.22492e-21 	0.00773381 	-6.67502e-21 	-2.68794e-07
0.00381521 	-145.521 	14.9488 	-0.890776 	1.87641e-19 	-0.00768328 	-0.0382328 	-2.44162e-20 	0.00768354 	1.69602e-20 	-2.62082e-07
0.00392964 	-145.603 	15.2216 	-0.918774 	-1.72694e-19 	-0.00763228 	-0.0377382 	2.18112e-20 	0.00763254 	3.11955e-20 	-2.55345e-07
0.00404742 	-145.692 	15.4986 	-0.947403 	-2.87417e-19 	-0.00758052 	-0.0372475 	4.04139e-20 	0.00758077 	-1.88272e-20 	-2.48821e-07
0.00416864 	-145.785 	15.7798 	-0.976673 	9.44828e-20 	-0.00752798 	-0.0367596 	-1.31549e-20 	0.00752822 	-2.83674e-20 	-2.42389e-07
0.0042934 	-145.885 	16.0653 	-1.00659 	1.61477e-19 	-0.00747465 	-0.0362737 	-2.42064e-20 	0.00747488 	1.50779e-20 	-2.3576e-07
0.00442182 	-145.992 	16.3551 	-1.03717 	-1.39307e-19 	-0.00742052 	-0.0357888 	2.15472e-20 	0.00742075 	1.21568e-21 	-2.31328e-07
0.004554 	-146.105 	16.6492 	-1.06842 	1.38003e-19 	-0.00736557 	-0.0353039 	-2.11275e-20 	0.00736578 	-1.27379e-20 	-2.19223e-07
0.00469005 	-146.226 	16.9475 	-1.10035 	9.36437e-20 	-0.00730978 	-0.0348177 	-1.5174e-20 	0.00731001 	1.15493e-20 	-2.27436e-07
0.00483008 	-146.355 	17.2501 	-1.13296 	-5.46749e-20 	-0.00725314 	-0.034329 	7.6401e-21 	0.00725335 	1.81992e-20 	-2.13367e-07
0.00497422 	-146.492 	17.557 	-1.16627 	-2.48063e-19 	-0.00719553 	-0.0338365 	4.28938e-20 	0.00719564 	-6.67387e-21 	-1.01543e-07
0.00512257 	-146.638 	17.868 	-1.20028 	3.27997e-20 	-0.00713813 	-0.0333365 	-6.80509e-21 	0.00713911 	-2.30873e-20 	-9.83456e-07
0.00527527 	-146.793 	18.183 	-1.23504 	2.04086e-19 	-0.00707952 	-0.0327944 	-3.55303e-20 	0.00707994 	1.19441e-20 	-4.27532e-07
0.00543245 	-146.952 	18.4898 	-1.2692 	-1.88401e-19 	-0.00702594 	-0.0321382 	3.47719e-20 	0.00702484 	1.39705e-20 	1.09809e-06
0.00557133 	-147.106 	18.7736 	-1.30134 	-1.21516e-19 	-0.0069847 	-0.0314494 	2.44346e-20 	0.00698477 	-1.57803e-20 	-7.01286e-08
0.0057104 	-147.259 	19.0427 	-1.33235 	7.19002e-20 	-0.00694556 	-0.0308894 	-1.48128e-20 	0.00694621 	-6.0628e-21 	-6.46273e-07
0.00584968 	-147.416 	19.3078 	-1.36321 	2.70676e-21 	-0.00690478 	-0.0304171 	9.97635e-22 	0.00690494 	1.29118e-20 	-1.61476e-07
0.00598916 	-147.578 	19.569 	-1.39395 	-1.60607e-19 	-0.00686605 	-0.0299546 	3.46052e-20 	0.00686624 	1.67867e-21 	-1.8363e-07
0.00612886 	-147.743 	19.8263 	-1.42456 	-7.04049e-20 	-0.00682866 	-0.0295032 	1.7613e-20 	0.00682881 	-3.08648e-20 	-1.48815e-07
0.00626876 	-147.913 	20.08 	-1.45505 	3.72225e-19 	-0.00679272 	-0.0290615 	-8.51058e-20 	0.00679289 	-1.05259e-20 	-1.64362e-07
0.00640889 	-148.087 	20.33 	-1.48544 	2.24931e-19 	-0.0067581 	-0.0286297 	-5.00047e-20 	0.00675825 	3.62984e-20 	-1.47133e-07
0.00654924 	-148.265 	20.5764 	-1.51573 	-2.17532e-19 	-0.00672482 	-0.0282069 	5.01824e-20 	0.00672497 	8.99117e-21 	-1.52349e-07
0.00668981 	-148.447 	20.8194 	-1.54591 	0 	-0.00669273 	-0.0277928 	-4.16371e-22 	0.00669287 	-4.15145e-21 	-1.42551e-07
0.00683062 	-148.634 	21.0589 	-1.57601 	-1.43153e-19 	-0.00666178 	-0.0273869 	3.65932e-20 	0.00666192 	-6.06067e-21 	-1.43443e-07
0.00697167 	-148.824 	21.295 	-1.60602 	6.14069e-20 	-0.00663191 	-0.026989 	-1.72016e-20 	0.00663205 	-2.23028e-20 	-1.37282e-07
0.00711296 	-149.019 	21.5279 	-1.63595 	2.80826e-19 	-0.00660313 	-0.0265988 	-7.28847e-20 	0.00660326 	1.21485e-20 	-1.36023e-07
0.00725449 	-149.219 	21.7576 	-1.66581 	-6.05302e-20 	-0.00657534 	-0.0262162 	1.65412e-20 	0.00657547 	2.18983e-20 	-1.31599e-07
0.00739628 	-149.422 	21.9841 	-1.6956 	-1.36792e-19 	-0.00654852 	-0.0258409 	3.72789e-20 	0.00654865 	-6.08531e-21 	-1.29526e-07
0.00753832 	-149.63 	22.2075 	-1.72532 	0 	-0.00652262 	-0.0254727 	2.26555e-22 	0.00652275 	-1.14938e-20 	-1.25916e-07
0.00768063 	-149.842 	22.4278 	-1.75499 	7.21832e-20 	-0.00649762 	-0.0251113 	-2.13206e-20 	0.00649774 	8.76853e-21 	-1.23564e-07
0.00782321 	-150.059 	22.6452 	-1.7846 	-1.28549e-19 	-0.00647348 	-0.0247567 	3.80692e-20 	0.0064736 	1.84314e-21 	-1.20548e-07
0.00796606 	-150.279 	22.8597 	-1.81415 	-1.52479e-20 	-0.00645017 	-0.0244085 	3.39231e-21 	0.00645029 	-1.07129e-20 	-1.18038e-07
0.00810919 	-150.504 	23.0712 	-1.84366 	5.91733e-20 	-0.00642763 	-0.0240663 	-1.70311e-20 	0.00642775 	4.01895e-22 	-1.15269e-07
0.0082526 	-150.734 	23.28 	-1.87313 	-1.63826e-21 	-0.00640579 	-0.0237299 	-1.12557e-21 	0.00640591 	-5.22203e-22 	-1.12866e-07
0.00839631 	-150.968 	23.4859 	-1.90256 	6.91949e-20 	-0.00638463 	-0.0233989 	-2.12737e-20 	0.00638474 	1.75592e-21 	-1.10341e-07
0.00854031 	-151.206 	23.6892 	-1.93196 	-6.12924e-22 	-0.00636407 	-0.0230731 	7.41866e-22 	0.00636418 	1.31671e-20 	-1.0797e-07
0.00868462 	-151.449 	23.8897 	-1.96132 	-1.7347e-19 	-0.00634406 	-0.0227522 	5.82124e-20 	0.00634416 	4.80437e-21 	-1.05568e-07
0.00882923 	-151.696 	24.0876 	-1.99065 	-1.751e-19 	-0.00632455 	-0.0224362 	5.87554e-20 	0.00632466 	-2.31316e-20 	-1.03347e-07
0.00897417 	-151.947 	24.2829 	-2.01997 	1.70231e-19 	-0.00630554 	-0.0221254 	-5.78028e-20 	0.00630564 	-7.69859e-21 	-1.01029e-07
0.00911942 	-152.203 	24.4756 	-2.04925 	5.32973e-20 	-0.00628696 	-0.0218197 	-1.91928e-20 	0.00628706 	1.59859e-20 	-9.88468e-08
0.009265 	-152.464 	24.6658 	-2.07853 	-1.04116e-19 	-0.00626877 	-0.0215194 	3.66056e-20 	0.00626886 	2.12453e-21 	-9.67174e-08
0.00941092 	-152.729 	24.8536 	-2.10778 	-4.06137e-20 	-0.00625091 	-0.0212246 	1.54213e-20 	0.00625101 	-8.50596e-21 	-9.46036e-08
0.00955719 	-152.999 	25.0389 	-2.13702 	3.9007e-20 	-0.00623337 	-0.0209352 	-1.41379e-20 	0.00623346 	-6.63574e-21 	-9.26511e-08
0.0097038 	-153.273 	25.2218 	-2.16625 	9.99301e-20 	-0.0062161 	-0.0206512 	-3.7191e-20 	0.00621619 	-4.73515e-21 	-9.07396e-08
0.00985077 	-153.552 	25.4024 	-2.19547 	1.81101e-19 	-0.00619906 	-0.0203719 	-6.71868e-20 	0.00619915 	1.65784e-20 	-8.88195e-08
0.00999811 	-153.835 	25.5807 	-2.22469 	-9.59882e-20 	-0.00618219 	-0.0200965 	3.79475e-20 	0.00618228 	2.42982e-20 	-8.70653e-08
0.0101458 	-154.123 	25.7567 	-2.2539 	-3.34026e-19 	-0.00616547 	-0.0198245 	1.28572e-19 	0.00616556 	-2.13945e-20 	-8.53099e-08
0.0102939 	-154.416 	25.9305 	-2.2831 	9.35476e-20 	-0.00614894 	-0.0195554 	-3.62923e-20 	0.00614902 	-2.57545e-20 	-8.34395e-08
0.0104424 	-154.713 	26.102 	-2.31231 	2.11224e-19 	-0.00613256 	-0.0192891 	-8.44314e-20 	0.00613264 	1.69935e-20 	-8.15585e-08
0.0105912 	-155.015 	26.2714 	-2.34151 	-9.33326e-20 	-0.0061164 	-0.0190256 	3.79436e-20 	0.00611648 	-2.6865e-21 	-7.97647e-08
0.0107405 	-155.322 	26.4385 	-2.37072 	2.03778e-19 	-0.00610064 	-0.0187657 	-8.33579e-20 	0.00610072 	-3.34537e-21 	-7.79943e-08
0.0108902 	-155.634 	26.6036 	-2.39993 	1.15086e-19 	-0.00608539 	-0.0185097 	-4.6605e-20 	0.00608546 	1.98061e-20 	-7.62512e-08
0.0110403 	-155.95 	26.7665 	-2.42916 	-9.1605e-20 	-0.00607069 	-0.0182573 	3.81647e-20 	0.00607077 	1.43427e-20 	-7.46707e-08
0.0111909 	-156.272 	26.9273 	-2.4584 	-2.17449e-19 	-0.00605669 	-0.0180081 	9.24e-20 	0.00605676 	2.18088e-21 	-7.31292e-08
0.0113418 	-156.598 	27.0861 	-2.48766 	-3.08311e-19 	-0.00604352 	-0.0177617 	1.33005e-19 	0.00604359 	-3.4716e-20 	-7.15671e-08
0.0114933 	-156.929 	27.2428 	-2.51694 	2.13494e-19 	-0.00603131 	-0.0175174 	-9.11499e-20 	0.00603138 	-1.68621e-20 	-7.00121e-08
0.0116451 	-157.265 	27.3975 	-2.54626 	1.94432e-19 	-0.00602021 	-0.0172744 	-8.5357e-20 	0.00602027 	5.77731e-21 	-6.85205e-08
0.0117975 	-157.606 	27.5501 	-2.57562 	2.57149e-19 	-0.00601043 	-0.0170321 	-1.19425e-19 	0.00601049 	3.37809e-20 	-6.70705e-08
0.0119503 	-157.952 	27.7008 	-2.60502 	-2.70464e-19 	-0.00600224 	-0.0167897 	1.24031e-19 	0.00600231 	1.13976e-20 	-6.56103e-08
0.0121036 	-158.303 	27.8493 	-2.63448 	-1.92459e-19 	-0.00599593 	-0.0165463 	8.74798e-20 	0.005996 	-3.96438e-20 	-6.41903e-08
0.0122574 	-158.66 	27.9958 	-2.66401 	3.5483e-19 	-0.00599181 	-0.0163005 	-1.64308e-19 	0.00599188 	9.24119e-21 	-6.27445e-08
0.0124117 	-159.021 	28.1403 	-2.69362 	-8.20735e-20 	-0.00599023 	-0.0160512 	3.92419e-20 	0.00599029 	1.3556e-20 	-6.14176e-08
0.0125666 	-159.388 	28.2825 	-2.72334 	1.79488e-20 	-0.00599163 	-0.0157968 	-9.52395e-21 	0.00599169 	-2.68949e-21 	-5.98382e-08
0.0127219 	-159.76 	28.4225 	-2.75316 	1.17975e-21 	-0.00599652 	-0.0155358 	-4.5304e-22 	0.00599658 	1.98698e-21 	-5.87199e-08
0.0128778 	-160.137 	28.5602 	-2.78313 	-1.89878e-20 	-0.00600541 	-0.0152661 	8.47573e-21 	0.00600547 	3.52067e-21 	-5.82158e-08
0.0130343 	-160.52 	28.6955 	-2.81326 	-9.61652e-20 	-0.00601892 	-0.0149859 	4.69442e-20 	0.00601897 	-5.85756e-21 	-5.00413e-08
0.0131913 	-160.908 	28.8283 	-2.84357 	-1.73328e-21 	-0.0060378 	-0.014693 	-2.844e-22 	0.00603787 	-1.8155e-20 	-7.05684e-08
0.0133488 	-161.302 	28.9583 	-2.87411 	2.70263e-19 	-0.00606272 	-0.0143852 	-1.3563e-19 	0.00606275 	1.35131e-20 	-3.91429e-08
0.013507 	-161.701 	29.0854 	-2.9049 	1.49303e-21 	-0.00609447 	-0.0140598 	-4.55621e-22 	0.00609443 	2.18413e-20 	3.81857e-08
0.0136658 	-162.106 	29.2094 	-2.93599 	-1.70315e-19 	-0.00613492 	-0.0137131 	8.83595e-20 	0.00613561 	-4.91945e-21 	-6.87889e-07
0.0138251 	-162.517 	29.3301 	-2.96744 	-7.60456e-20 	-0.0061843 	-0.013327 	3.95275e-20 	0.00618428 	-4.48269e-21 	1.64217e-08
0.0139851 	-162.929 	29.4457 	-2.99897 	-1.52819e-19 	-0.00624864 	-0.0128634 	8.12493e-20 	0.00624752 	-1.14974e-20 	1.11995e-06
0.0141399 	-163.338 	29.5545 	-3.03047 	-2.87703e-21 	-0.00632834 	-0.0123651 	1.6472e-21 	0.00632856 	-1.52904e-20 	-2.1952e-07
0.0142962 	-163.75 	29.6582 	-3.0624 	1.49975e-19 	-0.0064113 	-0.0119128 	-7.93485e-20 	0.00641186 	-8.65e-21 	-5.52711e-07
0.0144542 	-164.172 	29.7584 	-3.09506 	3.27051e-19 	-0.00649993 	-0.0114735 	-1.78779e-19 	0.00649997 	2.54032e-20 	-3.99569e-08
0.0146138 	-164.602 	29.8548 	-3.12854 	4.79174e-21 	-0.0066007 	-0.0110019 	-4.50584e-21 	0.00660076 	3.00144e-20 	-6.37987e-08
0.0147751 	-165.043 	29.9469 	-3.16292 	-2.8871e-19 	-0.00671307 	-0.0104996 	1.59766e-19 	0.0067131 	-2.30724e-20 	-2.62428e-08
0.014938 	-165.493 	30.0343 	-3.19828 	1.74541e-19 	-0.00683717 	-0.00996761 	-9.36478e-20 	0.00683722 	-2.44359e-20 	-5.02144e-08
0.0151027 	-165.953 	30.1165 	-3.2347 	4.53992e-19 	-0.00697216 	-0.00941009 	-2.52131e-19 	0.0069722 	3.42581e-20 	-3.14736e-08
0.0152691 	-166.423 	30.1933 	-3.27225 	5.95567e-21 	-0.00711686 	-0.00883254 	-4.12645e-21 	0.0071169 	4.3944e-20 	-4.35185e-08
0.0154373 	-166.904 	30.2642 	-3.311 	-4.75297e-19 	-0.00726906 	-0.0082435 	2.62557e-19 	0.0072691 	-2.6848e-20 	-3.38738e-08
0.0156072 	-167.397 	30.3291 	-3.351 	-3.31739e-20 	-0.00742581 	-0.00765405 	1.44369e-20 	0.00742585 	-1.1593e-20 	-4.00984e-08
0.015779 	-167.901 	30.3879 	-3.3923 	-2.96378e-19 	-0.00758305 	-0.00707841 	1.66726e-19 	0.00758308 	-2.7115e-20 	-3.52631e-08
0.0159525 	-168.416 	30.4407 	-3.4349 	1.57732e-19 	-0.00773579 	-0.00653348 	-8.31776e-20 	0.00773583 	-3.60191e-20 	-3.87056e-08
0.0161279 	-168.944 	30.4878 	-3.4788 	7.51925e-19 	-0.00787806 	-0.00603861 	-4.21435e-19 	0.0078781 	7.31965e-20 	-3.64418e-08
0.0163053 	-169.484 	30.5298 	-3.52395 	-4.1434e-19 	-0.00800319 	-0.00561469 	2.30902e-19 	0.00800323 	3.93454e-20 	-3.84441e-08
0.0164845 	-170.038 	30.5674 	-3.57023 	-7.35326e-19 	-0.00810405 	-0.005283 	4.16651e-19 	0.00810408 	-8.3456e-20 	-3.73884e-08
0.0166656 	-170.604 	30.6019 	-3.61752 	4.06988e-19 	-0.00817353 	-0.00506364 	-2.2629e-19 	0.00817357 	-2.96098e-20 	-3.83954e-08
0.0168487 	-171.185 	30.6346 	-3.66562 	5.66308e-19 	-0.00820514 	-0.0049738 	-3.2276e-19 	0.00820518 	8.32076e-20 	-3.75672e-08
0.0170338 	-171.779 	30.6671 	-3.71431 	-6.77504e-19 	-0.00819353 	-0.00502592 	3.79343e-19 	0.00819357 	-2.08029e-20 	-3.75601e-08
0.0172209 	-172.387 	30.7012 	-3.76333 	-6.58281e-21 	-0.00813514 	-0.00522613 	6.55183e-21 	0.00813518 	-4.45615e-20 	-3.63185e-08
0.01741 	-173.011 	30.7388 	-3.81238 	4.00208e-19 	-0.00802865 	-0.00557307 	-2.2575e-19 	0.00802869 	4.8364e-20 	-3.52566e-08
0.0176012 	-173.649 	30.7818 	-3.86116 	-5.41412e-19 	-0.00787523 	-0.00605733 	3.03069e-19 	0.00787526 	-1.05404e-20 	-3.3352e-08
0.0177945 	-174.303 	30.832 	-3.90939 	-2.70698e-19 	-0.00767859 	-0.0066618 	1.53164e-19 	0.00767863 	-5.15697e-20 	-3.14285e-08
0.0179899 	-174.972 	30.8909 	-3.95678 	2.62546e-19 	-0.00744479 	-0.00736268 	-1.4612e-19 	0.00744481 	-2.6763e-21 	-2.90357e-08
0.0181875 	-175.657 	30.9598 	-4.00312 	2.63573e-19 	-0.00718168 	-0.00813132 	-1.48543e-19 	0.0071817 	1.91051e-20 	-2.66992e-08
0.0183872 	-176.358 	31.0396 	-4.0482 	2.59654e-19 	-0.00689832 	-0.00893654 	-1.47576e-19 	0.00689834 	2.92097e-20 	-2.423e-08
0.0185892 	-177.076 	31.1309 	-4.09189 	3.49799e-21 	-0.00660418 	-0.00974736 	-3.57829e-21 	0.0066042 	2.43262e-20 	-2.19354e-08
0.0187934 	-177.809 	31.2338 	-4.13413 	-3.70188e-19 	-0.00630831 	-0.0105355 	2.08893e-19 	0.00630833 	-3.08079e-20 	-1.97265e-08
0.0189999 	-178.56 	31.3481 	-4.17489 	1.11385e-19 	-0.00601872 	-0.0112774 	-6.17834e-20 	0.00601873 	-1.96465e-20 	-1.77493e-08
0.0192087 	-179.328 	31.4732 	-4.2142 	3.64161e-19 	-0.00574186 	-0.0119557 	-2.06698e-19 	0.00574188 	3.50004e-20 	-1.59656e-08
0.0194198 	-180.112 	31.6085 	-4.25212 	-1.08024e-19 	-0.0054824 	-0.0125597 	5.98299e-20 	0.00548242 	2.36964e-20 	-1.44755e-08
0.0196333 	-180.914 	31.7529 	-4.28877 	-4.92167e-19 	-0.00524322 	-0.0130839 	2.8124e-19 	0.00524323 	-4.13164e-20 	-1.3262e-08
0.0198492 	-181.734 	31.9058 	-4.32424 	-3.37935e-21 	-0.00502558 	-0.0135275 	5.41733e-21 	0.00502559 	-3.5274e-20 	-1.23666e-08
0.0200675 	-182.572 	32.0659 	-4.35867 	4.83552e-19 	-0.00482948 	-0.0138925 	-2.77842e-19 	0.00482949 	3.25401e-20 	-1.1701e-08
0.0202883 	-183.428 	32.2324 	-4.39218 	1.3531e-19 	-0.00465398 	-0.0141827 	-8.07433e-20 	0.00465399 	4.00158e-20 	-1.11667e-08
0.0205116 	-184.302 	32.4044 	-4.42488 	-3.42163e-19 	-0.0044975 	-0.0144032 	1.98202e-19 	0.00449751 	-2.06124e-20 	-1.06225e-08
0.0207374 	-185.195 	32.5809 	-4.45689 	-2.67037e-20 	-0.00435812 	-0.0145601 	1.65079e-20 	0.00435813 	-1.83728e-20 	-9.99588e-09
0.0209658 	-186.107 	32.7612 	-4.4883 	1.05912e-19 	-0.00423379 	-0.0146598 	-6.40578e-20 	0.0042338 	1.46296e-20 	-9.27143e-09
0.0211968 	-187.038 	32.9445 	-4.5192 	-2.30883e-19 	-0.00412247 	-0.0147089 	1.33636e-19 	0.00412248 	5.41758e-22 	-8.49447e-09
0.0214304 	-187.989 	33.1301 	-4.54966 	-4.59043e-19 	-0.00402228 	-0.0147128 	2.72744e-19 	0.00402228 	-4.1766e-20 	-7.6699e-09
0.0216667 	-188.96 	33.3174 	-4.57976 	-8.327e-20 	-0.0039315 	-0.0146763 	5.16447e-20 	0.00393151 	-3.50712e-20 	-6.80391e-09
0.0219058 	-189.951 	33.5059 	-4.60953 	4.48227e-19 	-0.00384868 	-0.0146029 	-2.64651e-19 	0.00384868 	2.69259e-20 	-5.83339e-09
0.0221475 	-190.962 	33.6949 	-4.63904 	1.99904e-19 	-0.00377255 	-0.0144957 	-1.19812e-19 	0.00377256 	2.34608e-20 	-4.50875e-09
0.0223921 	-191.995 	33.884 	-4.66832 	1.97569e-19 	-0.00370207 	-0.0143572 	-1.18825e-19 	0.00370208 	2.13874e-20 	-3.99281e-09
0.0226395 	-193.048 	34.0727 	-4.69739 	2.72248e-21 	-0.00363635 	-0.0141897 	1.50003e-23 	0.00363635 	-3.09148e-22 	-1.50383e-09
0.0228897 	-194.123 	34.2604 	-4.72629 	2.1686e-19 	-0.00357461 	-0.013995 	-1.29369e-19 	0.00357461 	1.75856e-20 	1.42544e-09
0.0231429 	-195.22 	34.4468 	-4.75504 	5.57017e-21 	-0.00351624 	-0.0137744 	-7.52296e-21 	0.00351625 	3.2349e-20 	-1.58219e-08
0.023399 	-196.339 	34.6313 	-4.78366 	-8.34651e-19 	-0.00346053 	-0.0135292 	4.97393e-19 	0.00346048 	-6.11672e-20 	5.28398e-08
0.0236581 	-197.48 	34.8135 	-4.81216 	-1.95693e-19 	-0.00340723 	-0.0132606 	1.22021e-19 	0.0034073 	-5.8331e-20 	-6.5071e-08
0.0239202 	-198.644 	34.9929 	-4.84056 	6.08673e-19 	-0.00335561 	-0.01297 	-3.64987e-19 	0.00335577 	3.76046e-20 	-1.58791e-07
0.0241853 	-199.83 	35.169 	-4.86885 	1.90131e-19 	-0.003303 	-0.0126593 	-1.17132e-19 	0.00330126 	3.80524e-20 	1.73329e-06
0.0244536 	-201.039 	35.3416 	-4.89695 	-1.86278e-19 	-0.00325115 	-0.0123469 	1.13015e-19 	0.00325137 	7.58711e-22 	-2.23169e-07
0.024725 	-202.339 	35.5189 	-4.92646 	-3.71341e-19 	-0.00318287 	-0.012065 	2.08903e-19 	0.0031857 	-3.22278e-20 	-2.824e-06
0.0250529 	-203.808 	35.7097 	-4.95814 	-7.77928e-22 	-0.00309461 	-0.0117652 	4.25925e-21 	0.00309418 	-9.53915e-21 	4.30868e-07
0.0253861 	-205.382 	35.904 	-4.99064 	3.9844e-20 	-0.00301648 	-0.0113799 	-2.22129e-20 	0.0030155 	-3.72101e-21 	9.80292e-07
0.0257245 	-206.993 	36.0919 	-5.023 	3.62178e-19 	-0.00294548 	-0.0109485 	-1.96742e-19 	0.00294551 	1.71083e-20 	-2.9818e-08
0.0260684 	-208.641 	36.2731 	-5.05503 	4.94106e-19 	-0.00287015 	-0.0105108 	-2.73316e-19 	0.00287007 	4.30554e-20 	7.8625e-08
0.0264178 	-210.327 	36.4471 	-5.08674 	2.82301e-21 	-0.00279164 	-0.0100703 	-1.95837e-22 	0.00279167 	1.01845e-20 	-3.19485e-08
0.0267728 	-212.051 	36.6138 	-5.11802 	4.46727e-20 	-0.00270833 	-0.00963496 	-2.20313e-20 	0.00270828 	1.17283e-20 	5.24305e-08
0.0271335 	-213.812 	36.773 	-5.14884 	-3.15374e-19 	-0.00262012 	-0.00921089 	1.69989e-19 	0.00262013 	-1.28808e-20 	-8.26961e-09
0.0275 	-215.611 	36.9251 	-5.17907 	-3.91913e-19 	-0.00252605 	-0.00880625 	2.10068e-19 	0.00252601 	-4.37575e-20 	4.03976e-08
0.0278725 	-217.447 	37.0701 	-5.20864 	3.12896e-19 	-0.0024261 	-0.00842853 	-1.65679e-19 	0.00242609 	1.26601e-20 	6.73765e-09
0.028251 	-219.32 	37.2088 	-5.23743 	4.15608e-20 	-0.00232008 	-0.00808564 	-2.32096e-20 	0.00232005 	1.79375e-20 	3.53132e-08
0.0286356 	-221.23 	37.3418 	-5.26535 	-3.50379e-19 	-0.00220855 	-0.00778476 	1.8641e-19 	0.00220853 	-3.12351e-20 	1.69267e-08
0.0290265 	-223.176 	37.4701 	-5.29229 	3.0895e-19 	-0.00209225 	-0.00753235 	-1.63025e-19 	0.00209222 	1.71301e-20 	3.40331e-08
0.0294238 	-225.158 	37.5949 	-5.31817 	-1.51796e-19 	-0.00197259 	-0.00733356 	7.72723e-20 	0.00197257 	-4.26063e-21 	2.41802e-08
0.0298275 	-227.176 	37.7175 	-5.3429 	-1.31939e-21 	-0.0018513 	-0.00719201 	8.18821e-22 	0.00185126 	5.35876e-22 	3.45417e-08
0.0302379 	-229.23 	37.8395 	-5.36644 	-1.87455e-19 	-0.00173058 	-0.00710954 	9.25637e-20 	0.00173055 	-1.03706e-20 	2.9279e-08
0.0306549 	-231.318 	37.9624 	-5.38876 	-1.92711e-19 	-0.00161288 	-0.00708615 	9.78904e-20 	0.00161284 	-1.80046e-20 	3.54781e-08
0.0310788 	-233.442 	38.0878 	-5.40987 	-1.13966e-21 	-0.00150079 	-0.00712004 	2.04897e-22 	0.00150076 	-6.47873e-21 	3.25168e-08
0.0315097 	-235.6 	38.2174 	-5.42984 	1.80586e-19 	-0.00139685 	-0.00720786 	-8.71862e-20 	0.00139681 	1.30845e-20 	3.60555e-08
0.0319476 	-237.792 	38.3528 	-5.44874 	3.57115e-22 	-0.00130336 	-0.00734499 	-2.62287e-21 	0.00130332 	3.19873e-22 	3.40434e-08
0.0323928 	-240.02 	38.4954 	-5.4667 	1.80186e-19 	-0.00122217 	-0.00752593 	-8.45094e-20 	0.00122213 	7.09283e-21 	3.60223e-08
0.0328453 	-242.282 	38.6468 	-5.48388 	3.34947e-19 	-0.00115457 	-0.00774462 	-1.65893e-19 	0.00115453 	3.19356e-20 	3.41369e-08
0.0333053 	-244.58 	38.8081 	-5.50045 	-3.27729e-19 	-0.00110111 	-0.00799474 	1.57909e-19 	0.00110108 	-1.37034e-20 	3.36896e-08
0.0337729 	-246.914 	38.9806 	-5.5166 	-1.81734e-19 	-0.00106153 	-0.00826981 	8.66491e-20 	0.00106149 	-1.82214e-20 	4.11087e-08
0.0342482 	-249.284 	39.1652 	-5.53251 	-2.66551e-21 	-0.00103481 	-0.00856322 	-2.70961e-22 	0.00103482 	1.39527e-21 	-1.19764e-08
0.0347315 	-251.691 	39.3627 	-5.54838 	-2.8793e-19 	-0.00101909 	-0.00886713 	1.39127e-19 	0.00101906 	-2.31776e-20 	3.17833e-08
0.0352227 	-254.126 	39.5729 	-5.56427 	3.23285e-19 	-0.00101197 	-0.00917175 	-1.51999e-19 	0.00101186 	6.64348e-21 	1.16791e-07
0.0357139 	-256.577 	39.7947 	-5.58023 	6.50072e-19 	-0.00100949 	-0.00947014 	-3.11058e-19 	0.00100947 	5.10834e-20 	1.35171e-08
0.0362126 	-259.054 	40.029 	-5.59635 	-1.74041e-19 	-0.00100653 	-0.00975813 	8.06998e-20 	0.00100654 	5.79505e-21 	-1.03313e-08
0.0367189 	-261.568 	40.2764 	-5.61264 	-4.93407e-19 	-0.000999148 	-0.0100269 	2.33387e-19 	0.000999124 	-3.30837e-20 	2.40934e-08
0.0372329 	-264.121 	40.5366 	-5.62901 	-1.46106e-19 	-0.000983265 	-0.0102649 	6.98614e-20 	0.000983247 	-1.4552e-20 	1.74496e-08
0.0377549 	-266.713 	40.8085 	-5.64528 	-1.4158e-19 	-0.000954309 	-0.0104613 	6.59826e-20 	0.00095429 	-9.98114e-21 	1.92222e-08
0.038285 	-269.345 	41.0909 	-5.66118 	-4.215e-20 	-0.000908076 	-0.0106051 	1.96359e-20 	0.000908062 	-1.00357e-20 	1.40627e-08
0.0388235 	-272.019 	41.3821 	-5.67636 	3.09568e-19 	-0.000840942 	-0.0106856 	-1.4621e-19 	0.000840927 	1.88232e-20 	1.4858e-08
0.0393705 	-274.734 	41.6799 	-5.6904 	3.13636e-20 	-0.000750195 	-0.0106931 	-1.30966e-20 	0.000750183 	3.47624e-21 	1.23316e-08
0.0399262 	-277.49 	41.9816 	-5.70284 	2.72859e-19 	-0.000634267 	-0.0106201 	-1.30477e-19 	0.000634253 	2.27314e-20 	1.38841e-08
0.0404909 	-280.286 	42.2843 	-5.71314 	-4.38798e-19 	-0.000492986 	-0.0104623 	2.03734e-19 	0.000492972 	-2.09764e-20 	1.42896e-08
0.0410646 	-283.122 	42.5848 	-5.72077 	-1.41597e-19 	-0.000327705 	-0.0102194 	7.03199e-20 	0.000327687 	-2.63455e-20 	1.77156e-08
0.0416476 	-285.995 	42.8799 	-5.72523 	9.03231e-19 	-0.000141387 	-0.00989623 	-4.15821e-19 	0.000141366 	5.31779e-20 	2.11218e-08
0.0422401 	-288.902 	43.1666 	-5.72604 	7.37759e-21 	6.14478e-05 	-0.00950283 	-4.83571e-21 	-6.14745e-05 	2.22015e-20 	2.67015e-08
0.0428423 	-291.841 	43.442 	-5.72281 	-7.59373e-19 	0.000274874 	-0.00905499 	3.46176e-19 	-0.000274906 	-4.57486e-20 	3.25298e-08
0.0434544 	-294.806 	43.7041 	-5.71527 	-4.58018e-21 	0.000491862 	-0.00857382 	1.72915e-21 	-0.000491902 	-1.36938e-20 	3.95778e-08
0.0440766 	-297.794 	43.9516 	-5.70328 	2.93459e-19 	0.000704713 	-0.00808506 	-1.32975e-19 	-0.000704759 	2.0857e-20 	4.64604e-08
0.0447091 	-300.8 	44.1844 	-5.68686 	-2.94067e-19 	0.000905635 	-0.00761786 	1.32257e-19 	-0.000905689 	-1.45938e-20 	5.34067e-08
0.0453521 	-303.817 	44.4035 	-5.66619 	1.26099e-19 	0.00108745 	-0.00720303 	-5.8948e-20 	-0.00108751 	3.07792e-21 	5.92925e-08
0.0460059 	-306.842 	44.6115 	-5.64161 	8.85719e-22 	0.00124439 	-0.00687069 	-2.85302e-21 	-0.00124445 	3.72206e-21 	6.39663e-08
0.0466707 	-309.869 	44.8122 	-5.61356 	-1.32778e-19 	0.00137284 	-0.00664728 	6.27881e-20 	-0.00137291 	-1.03897e-20 	6.65084e-08
0.0473466 	-312.893 	45.0106 	-5.58258 	2.86859e-19 	0.0014721 	-0.00655204 	-1.24451e-19 	-0.00147217 	1.08791e-20 	6.68087e-08
0.048034 	-315.91 	45.2127 	-5.54921 	2.86879e-19 	0.00154475 	-0.00659322 	-1.23778e-19 	-0.00154481 	1.49443e-20 	6.43295e-08
0.048733 	-318.914 	45.4249 	-5.51392 	2.89569e-19 	0.00159673 	-0.00676461 	-1.25553e-19 	-0.00159679 	2.24061e-20 	5.9631e-08
0.0494439 	-321.903 	45.6532 	-5.47704 	-4.04864e-19 	0.00163697 	-0.00704302 	1.73849e-19 	-0.00163702 	-1.55634e-20 	5.28023e-08
0.0501669 	-324.872 	45.9024 	-5.43868 	-1.5766e-19 	0.00167643 	-0.00738802 	6.66336e-20 	-0.00167647 	-1.15774e-20 	4.56895e-08
0.0509023 	-327.816 	46.1752 	-5.39867 	-1.21991e-19 	0.00172676 	-0.00774451 	5.19421e-20 	-0.0017268 	-5.75823e-21 	3.85908e-08
0.0516502 	-330.73 	46.4716 	-5.35657 	-1.28138e-19 	0.00179878 	-0.00804882 	5.60059e-20 	-0.00179882 	-1.54375e-20 	3.4714e-08
0.052411 	-333.607 	46.7882 	-5.31166 	7.96236e-19 	0.0019009 	-0.00823784 	-3.37832e-19 	-0.00190093 	3.56108e-20 	3.27881e-08
0.053185 	-336.438 	47.1186 	-5.26303 	9.33538e-21 	0.0020378 	-0.00826009 	-5.18193e-21 	-0.00203784 	1.6517e-20 	3.72976e-08
0.0539722 	-339.214 	47.4536 	-5.20964 	-8.12337e-19 	0.0022096 	-0.00808691 	3.41271e-19 	-0.00220965 	-3.84211e-20 	4.25951e-08
0.0547731 	-341.922 	47.7831 	-5.15049 	1.14812e-19 	0.00241162 	-0.00772155 	-4.69378e-20 	-0.00241167 	-8.19946e-21 	5.58626e-08
0.0555878 	-344.546 	48.0975 	-5.08468 	5.33641e-19 	0.00263476 	-0.00720364 	-2.23325e-19 	-0.00263482 	2.37938e-20 	6.36327e-08
0.0564167 	-347.07 	48.3898 	-5.0116 	7.70974e-20 	0.00286693 	-0.00660691 	-3.39647e-20 	-0.00286701 	1.05715e-20 	8.00463e-08
0.05726 	-349.475 	48.6575 	-4.93094 	-2.58518e-19 	0.0030951 	-0.00602793 	1.07088e-19 	-0.00309518 	-8.65283e-21 	7.93695e-08
0.058118 	-351.743 	48.9039 	-4.84275 	-1.87684e-19 	0.00330827 	-0.00556548 	8.01324e-20 	-0.00330836 	-9.1418e-21 	9.15929e-08
0.058991 	-353.851 	49.1376 	-4.74732 	-1.14082e-19 	0.00350022 	-0.00529277 	5.02878e-20 	-0.00350029 	-6.53994e-21 	7.25774e-08
0.0598792 	-355.778 	49.3709 	-4.6451 	6.87753e-20 	0.00367183 	-0.00522985 	-2.65593e-20 	-0.00367191 	-4.22553e-22 	8.20573e-08
0.060783 	-357.5 	49.6159 	-4.53637 	2.3898e-19 	0.00383104 	-0.00532705 	-1.01088e-19 	-0.00383108 	9.45508e-21 	4.65994e-08
0.0617026 	-358.992 	49.8803 	-4.42116 	-1.25745e-20 	0.00399098 	-0.00547126 	2.86416e-21 	-0.00399105 	2.31967e-21 	7.06238e-08
0.0626383 	-360.225 	50.164 	-4.29899 	-1.22552e-19 	0.00416521 	-0.00551966 	5.04332e-20 	-0.00416523 	-3.0993e-21 	2.82253e-08
0.0635905 	-361.167 	50.4577 	-4.16906 	-1.747e-19 	0.00436312 	-0.00535269 	7.21792e-20 	-0.0043632 	-5.78502e-21 	8.10614e-08
0.0645595 	-361.783 	50.7459 	-4.03025 	-1.20652e-19 	0.00458554 	-0.00492437 	4.95242e-20 	-0.00458556 	-4.78496e-21 	1.9432e-08
0.0655455 	-362.035 	51.0125 	-3.88165 	-5.20859e-20 	0.00482502 	-0.00428333 	2.28141e-20 	-0.00482511 	-3.96302e-21 	9.44204e-08
0.066549 	-361.881 	51.2467 	-3.72248 	2.29622e-19 	0.00506742 	-0.00355035 	-9.37815e-20 	-0.0050674 	3.42722e-21 	-1.86923e-08
0.0675701 	-361.282 	51.4467 	-3.55275 	3.94888e-19 	0.00529818 	-0.00286182 	-1.65239e-19 	-0.00529827 	1.33329e-20 	9.32819e-08
0.0686093 	-360.19 	51.6192 	-3.37252 	-6.10324e-20 	0.00550401 	-0.00231117 	2.35192e-20 	-0.00550391 	3.5559e-21 	-9.16223e-08
0.0696669 	-358.561 	51.7756 	-3.18282 	-3.32224e-19 	0.00567866 	-0.00190873 	1.38728e-19 	-0.00567879 	-8.27325e-21 	1.33481e-07
0.0707432 	-356.341 	51.9251 	-2.98408 	-1.09809e-19 	0.00582166 	-0.00156985 	4.69626e-20 	-0.00582149 	-5.37782e-21 	-1.68622e-07
0.0718386 	-353.482 	52.0681 	-2.77761 	4.90751e-20 	0.00594474 	-0.00113402 	-2.03505e-20 	-0.00594503 	-5.42714e-22 	2.96399e-07
0.0729534 	-349.921 	52.1918 	-2.5629 	1.59791e-19 	0.00605508 	-0.000460213 	-6.77659e-20 	-0.00605477 	2.87127e-21 	-3.07483e-07
0.074088 	-345.618 	52.2753 	-2.3411 	1.02707e-19 	0.00615307 	0.000456292 	-4.41017e-20 	-0.0061536 	3.70191e-21 	5.29392e-07
0.0752428 	-340.507 	52.3034 	-2.11132 	-8.95345e-20 	0.00620615 	0.00144107 	3.83686e-20 	-0.00620545 	-1.07454e-21 	-7.00448e-07
0.0764181 	-334.572 	52.2794 	-1.87779 	-2.06761e-21 	0.00620037 	0.00237428 	1.19034e-22 	-0.00620132 	-6.39861e-22 	9.49127e-07
0.0776143 	-327.731 	52.2057 	-1.63995 	-1.99016e-20 	0.00616178 	0.00356549 	7.54844e-21 	-0.0061609 	3.86617e-22 	-8.89159e-07
0.0788318 	-320.005 	52.0365 	-1.40137 	-8.05599e-20 	0.00617445 	0.00558563 	3.65365e-20 	-0.00617624 	-1.1634e-21 	1.7902e-06
0.080071 	-311.324 	51.681 	-1.15347 	4.58481e-22 	0.00593581 	0.00729072 	2.2947e-22 	-0.00593305 	-1.46004e-21 	-2.75761e-06
0.0813323 	-301.822 	51.2759 	-0.926598 	1.65753e-19 	0.00472342 	0.00544357 	-7.65128e-20 	-0.00472343 	1.10743e-21 	5.13565e-09
0.0826161 	-291.339 	51.2682 	-0.769502 	1.95175e-20 	0.00370656 	0.00492341 	-8.1311e-21 	-0.0037122 	2.23598e-21 	5.63902e-06
0.0839229 	-279.737 	50.9801 	-0.618104 	-2.31084e-19 	0.00406573 	0.0118753 	1.09496e-19 	-0.00406332 	-1.54279e-21 	-2.41219e-06
0.0852529 	-267.494 	49.8145 	-0.425711 	6.52217e-20 	0.00458066 	0.0191738 	-2.98976e-20 	-0.00457956 	-1.73223e-21 	-1.10598e-06
0.0866067 	-254.856 	48.2779 	-0.22426 	1.07223e-19 	0.0043871 	0.0214978 	-5.17018e-20 	-0.00438588 	1.37036e-21 	-1.21862e-06
0.0879847 	-241.959 	46.6877 	-0.0422942 	-8.82221e-20 	0.00363537 	0.0208954 	4.03215e-20 	-0.00363511 	4.38399e-22 	-2.53326e-07
0.0893873 	-228.806 	45.2342 	0.0988507 	2.48743e-22 	0.00251814 	0.018721 	3.51379e-22 	-0.00251754 	-5.93002e-22 	-5.96031e-07
0.0908151 	-215.379 	44.016 	0.184989 	1.54139e-20 	0.00119057 	0.0159956 	-6.52312e-21 	-0.00119129 	2.75228e-22 	7.1792e-07
0.0922684 	-202.758 	43.1208 	0.208724 	-3.92286e-20 	-0.000100985 	0.013655 	1.85941e-20 	0.000101252 	2.20984e-22 	-2.67156e-07
0.0932549 	-192.339 	42.5295 	0.186223 	-4.10976e-20 	-0.00116424 	0.0120165 	2.03785e-20 	0.00116419 	-4.93035e-22 	5.66233e-08
0.0941974 	-183.279 	42.1118 	0.137261 	2.01034e-20 	-0.0020778 	0.0108368 	-8.28289e-21 	0.00207745 	-5.70109e-22 	3.54135e-07
0.095098 	-174.566 	41.7748 	0.0647156 	4.67264e-20 	-0.00293861 	0.0100243 	-2.28563e-20 	0.00293849 	3.16031e-22 	1.16381e-07
0.0959583 	-166.199 	41.4923 	-0.0275265 	-1.86838e-20 	-0.0037522 	0.00953669 	1.12811e-20 	0.00375211 	3.92273e-22 	9.15184e-08
0.0967803 	-158.177 	41.2439 	-0.136652 	-1.79807e-20 	-0.00452688 	0.0093278 	1.01963e-20 	0.00452694 	-6.10054e-22 	-5.80679e-08
0.0975657 	-150.506 	41.0136 	-0.259899 	2.61998e-20 	-0.00526893 	0.00935209 	-1.40115e-20 	0.00526902 	-7.34521e-22 	-8.6025e-08
0.0983161 	-143.189 	40.79 	-0.395225 	4.20858e-20 	-0.00598289 	0.00956626 	-2.48388e-20 	0.00598314 	5.20196e-22 	-2.53975e-07
0.0990329 	-136.228 	40.5647 	-0.540574 	2.02053e-20 	-0.00667128 	0.00993382 	-1.17492e-20 	0.00667157 	9.49486e-22 	-2.95906e-07
0.0997179 	-129.626 	40.3319 	-0.694344 	-2.10609e-20 	-0.00733599 	0.0104242 	1.27986e-20 	0.00733645 	1.80084e-22 	-4.669e-07
0.100372 	-123.381 	40.0879 	-0.854935 	-2.02864e-20 	-0.00797789 	0.0110133 	1.35843e-20 	0.00797843 	-7.3977e-22 	-5.37716e-07
0.100998 	-117.49 	39.8303 	-1.02104 	8.65743e-22 	-0.00859809 	0.0116821 	-7.00817e-22 	0.0085988 	-3.70864e-22 	-7.14815e-07
0.101595 	-111.946 	39.5578 	-1.19141 	1.09363e-20 	-0.00919723 	0.0124166 	-6.72624e-21 	0.00919806 	4.75942e-22 	-8.27867e-07
0.102166 	-106.743 	39.2699 	-1.36497 	-2.04593e-20 	-0.00977629 	0.0132062 	1.6754e-20 	0.00977731 	-1.17279e-21 	-1.02075e-06
