0 	-698.687 	0 	0 	0 	8.51505e-05 	1.28767 	-2.17924e-23 	-8.31307e-05 	2.48793e-23 	-2.01986e-06
3.01084e-06 	-698.687 	-0.119588 	-2.10282e-07 	6.05711e-24 	-7.22515e-05 	0.923361 	3.19097e-25 	6.97668e-05 	2.15744e-23 	2.48478e-06
6.1266e-06 	-698.687 	-0.358251 	-1.33649e-05 	-9.0388e-24 	-0.000252884 	1.19879 	-9.85876e-25 	0.000251389 	7.94201e-23 	1.4944e-06
9.35113e-06 	-698.688 	-0.597315 	-5.08906e-05 	-2.56651e-23 	-0.000489335 	1.15521 	-4.73639e-24 	0.000490434 	-4.43132e-23 	-1.09884e-06
1.26885e-05 	-698.688 	-0.836539 	-0.000116116 	1.12387e-23 	-0.00076653 	1.11376 	9.24916e-25 	0.000765956 	-1.12565e-22 	5.74235e-07
1.61428e-05 	-698.688 	-1.07605 	-0.000216645 	2.18039e-23 	-0.00108261 	1.07558 	4.31939e-24 	0.0010821 	2.25649e-23 	5.05013e-07
1.97186e-05 	-698.688 	-1.31626 	-0.000358787 	0 	-0.00142918 	1.04142 	-2.80332e-24 	0.00142869 	4.88174e-23 	4.9703e-07
2.34202e-05 	-698.689 	-1.55782 	-0.000548649 	0 	-0.00180083 	1.01164 	6.32111e-26 	0.00180029 	-4.02552e-22 	5.37489e-07
2.72524e-05 	-698.689 	-1.80152 	-0.000792267 	2.00043e-22 	-0.00219315 	0.98642 	5.8042e-23 	0.00219258 	-1.40885e-23 	5.76696e-07
3.12201e-05 	-698.689 	-2.04832 	-0.00109563 	-7.10238e-24 	-0.00260258 	0.965714 	2.36371e-24 	0.00260197 	7.90225e-22 	6.15278e-07
3.53284e-05 	-698.69 	-2.29925 	-0.00146476 	-2.07146e-22 	-0.00302629 	0.949364 	-4.63063e-23 	0.00302564 	8.2084e-22 	6.56188e-07
3.95826e-05 	-698.69 	-2.55541 	-0.00190575 	-4.46546e-22 	-0.00346209 	0.937117 	-1.52815e-22 	0.00346139 	-3.59124e-22 	6.99825e-07
4.39882e-05 	-698.691 	-2.81795 	-0.00242485 	1.55742e-23 	-0.00390833 	0.928657 	-1.21141e-23 	0.00390759 	-1.58426e-21 	7.46538e-07
4.85509e-05 	-698.692 	-3.08802 	-0.0030285 	4.6212e-22 	-0.00436386 	0.923635 	1.47258e-22 	0.00436307 	-2.8481e-23 	7.97005e-07
5.32767e-05 	-698.692 	-3.36678 	-0.00372341 	0 	-0.00482798 	0.921687 	-1.45269e-23 	0.00482713 	7.77574e-22 	8.52056e-07
5.81718e-05 	-698.693 	-3.65539 	-0.00451656 	0 	-0.00530047 	0.922442 	6.72084e-25 	0.00529956 	1.59934e-21 	9.11131e-07
6.32426e-05 	-698.694 	-3.95494 	-0.00541526 	-1.05626e-21 	-0.00578162 	0.925545 	-4.05301e-22 	0.00578065 	-1.53404e-21 	9.71551e-07
6.84959e-05 	-698.695 	-4.26643 	-0.00642708 	1.12362e-21 	-0.00627231 	0.930669 	4.23954e-22 	0.00627128 	-4.79138e-21 	1.03351e-06
7.39387e-05 	-698.696 	-4.59071 	-0.00755969 	2.17988e-21 	-0.00677403 	0.937542 	8.73988e-22 	0.00677293 	3.01567e-21 	1.09875e-06
7.95782e-05 	-698.698 	-4.92841 	-0.00882056 	-1.15411e-21 	-0.0072886 	0.945931 	-3.77506e-22 	0.00728744 	4.72861e-21 	1.16656e-06
8.54221e-05 	-698.699 	-5.27989 	-0.0102167 	-1.15411e-21 	-0.00781762 	0.955596 	-5.15795e-22 	0.00781638 	-1.49046e-21 	1.23994e-06
9.14781e-05 	-698.7 	-5.64527 	-0.0117547 	0 	-0.00836212 	0.966276 	-3.4873e-23 	0.0083608 	-4.65204e-21 	1.32171e-06
9.77545e-05 	-698.702 	-6.02445 	-0.0134402 	2.46616e-21 	-0.00892281 	0.977717 	1.05824e-21 	0.0089214 	-1.29119e-22 	1.40884e-06
0.00010426 	-698.704 	-6.41711 	-0.0152784 	-3.99675e-23 	-0.00950037 	0.989688 	9.97282e-23 	0.00949887 	6.17245e-21 	1.49747e-06
0.000111003 	-698.706 	-6.82274 	-0.0172734 	-2.50613e-21 	-0.0100955 	1.00197 	-9.66782e-22 	0.0100939 	9.82417e-23 	1.58621e-06
0.000117994 	-698.708 	-7.24057 	-0.0194285 	2.40711e-24 	-0.0107089 	1.01436 	1.91023e-23 	0.0107072 	-6.10531e-21 	1.67655e-06
0.000125241 	-698.71 	-7.6697 	-0.0217458 	2.58317e-21 	-0.0113412 	1.02665 	1.07636e-21 	0.0113394 	-7.18999e-23 	1.77075e-06
0.000132755 	-698.713 	-8.10904 	-0.0242268 	-8.6759e-24 	-0.0119925 	1.03862 	-3.07324e-22 	0.0119906 	1.1998e-20 	1.87017e-06
0.000140546 	-698.716 	-8.55746 	-0.0268726 	-7.79221e-21 	-0.0126628 	1.05007 	-3.38341e-21 	0.0126608 	2.87229e-22 	1.97668e-06
0.000148625 	-698.719 	-9.01382 	-0.0296837 	-4.7934e-24 	-0.0133511 	1.06079 	2.03082e-22 	0.013349 	-9.17368e-21 	2.09236e-06
0.000157005 	-698.722 	-9.47702 	-0.0326609 	7.84492e-24 	-0.0140559 	1.07059 	-4.40426e-23 	0.0140537 	4.76489e-23 	2.21814e-06
0.000165695 	-698.726 	-9.9461 	-0.0358052 	-1.38478e-23 	-0.0147749 	1.07927 	-2.14099e-23 	0.0147725 	1.94789e-23 	2.35499e-06
0.000174709 	-698.73 	-10.4202 	-0.0391183 	2.92573e-23 	-0.0155044 	1.08666 	-7.1336e-22 	0.0155019 	2.72268e-24 	2.50345e-06
0.00018406 	-698.735 	-10.8986 	-0.0426023 	-1.85976e-23 	-0.0162399 	1.09259 	-1.4548e-23 	0.0162372 	-5.74702e-21 	2.66273e-06
0.000193761 	-698.74 	-11.3809 	-0.0462599 	5.12843e-21 	-0.0169752 	1.09686 	3.03044e-21 	0.0169724 	-2.48942e-22 	2.83278e-06
0.000203826 	-698.746 	-11.8666 	-0.0500944 	0 	-0.0177029 	1.09928 	4.6338e-22 	0.0176999 	5.92865e-21 	3.01501e-06
0.00021427 	-698.752 	-12.3555 	-0.0541095 	0 	-0.0184137 	1.09963 	-1.33602e-23 	0.0184105 	-5.88429e-23 	3.19925e-06
0.000225107 	-698.759 	-12.8474 	-0.0583092 	-1.95642e-23 	-0.0190965 	1.09766 	6.22029e-22 	0.0190931 	1.10501e-20 	3.40163e-06
0.000236354 	-698.767 	-13.3424 	-0.0626975 	-1.02126e-20 	-0.0197385 	1.09309 	-6.82307e-21 	0.0197349 	5.23223e-22 	3.59597e-06
0.000248027 	-698.775 	-13.8405 	-0.0672784 	3.69384e-23 	-0.0203252 	1.08561 	-1.20664e-22 	0.0203214 	-2.21358e-20 	3.78879e-06
0.000260143 	-698.784 	-14.3418 	-0.0720564 	1.02392e-20 	-0.0208385 	1.07469 	6.15336e-21 	0.0208343 	1.02632e-20 	4.17589e-06
0.000272721 	-698.794 	-14.8466 	-0.0770364 	-1.03773e-20 	-0.0212609 	1.05981 	-8.27942e-21 	0.0212564 	-9.84499e-21 	4.51128e-06
0.000285778 	-698.805 	-15.3548 	-0.0822219 	2.10923e-20 	-0.0215835 	1.04078 	1.69667e-20 	0.021579 	-4.32474e-20 	4.45176e-06
0.000299335 	-698.816 	-15.8662 	-0.0876143 	3.1478e-20 	-0.0217932 	1.01713 	2.18144e-20 	0.0217886 	6.10367e-20 	4.59749e-06
0.000313411 	-698.829 	-16.3804 	-0.0932146 	-4.32048e-20 	-0.0218686 	0.988124 	-2.98053e-20 	0.0218635 	5.36117e-20 	5.11621e-06
0.000328029 	-698.842 	-16.8969 	-0.0990251 	-2.11873e-20 	-0.0217926 	0.953303 	-1.45344e-20 	0.0217871 	-5.92846e-20 	5.42175e-06
0.00034321 	-698.857 	-17.415 	-0.105047 	2.20167e-20 	-0.0215534 	0.912229 	1.35234e-20 	0.0215478 	-2.10608e-20 	5.60754e-06
0.000358977 	-698.872 	-17.9338 	-0.111284 	0 	-0.0211456 	0.864515 	2.81457e-23 	0.0211398 	1.92096e-20 	5.86865e-06
0.000375355 	-698.889 	-18.4516 	-0.117736 	0 	-0.0205696 	0.809945 	7.97342e-25 	0.0205635 	0 	6.1061e-06
0.000392368 	-698.908 	-18.9663 	-0.124408 	0 	-0.0198336 	0.748563 	1.39072e-23 	0.0198272 	0 	6.41319e-06
0.000410043 	-698.928 	-19.4746 	-0.131305 	0 	-0.0189568 	0.680798 	5.10653e-23 	0.01895 	1.66132e-20 	6.78505e-06
0.000428408 	-698.949 	-19.972 	-0.138434 	-2.61283e-20 	-0.0179737 	0.607605 	-9.47412e-21 	0.0179679 	1.45866e-21 	5.72621e-06
0.00044749 	-698.973 	-20.4528 	-0.145809 	8.23746e-22 	-0.0169398 	0.530709 	-3.30343e-21 	0.0169336 	-2.99872e-20 	6.16487e-06
0.00046732 	-698.998 	-20.9096 	-0.153445 	2.6952e-20 	-0.0159039 	0.452148 	1.05128e-20 	0.0158966 	-1.48454e-21 	7.30054e-06
0.000487929 	-699.026 	-21.3343 	-0.161375 	0 	-0.014935 	0.374885 	2.06372e-21 	0.0149297 	-3.6246e-20 	5.29977e-06
0.000509349 	-699.057 	-21.7179 	-0.169637 	1.15435e-19 	-0.0141166 	0.302694 	3.21744e-20 	0.0141119 	-5.66731e-21 	4.71857e-06
0.000531615 	-699.091 	-22.0531 	-0.178254 	-7.53153e-22 	-0.013474 	0.238422 	3.11973e-21 	0.0134688 	8.85013e-20 	5.20094e-06
0.000554761 	-699.129 	-22.336 	-0.187242 	-1.16188e-19 	-0.0129989 	0.183728 	-3.13736e-20 	0.0129941 	2.34307e-20 	4.85845e-06
0.000578826 	-699.17 	-22.5673 	-0.196607 	-5.75493e-20 	-0.0126759 	0.139095 	-1.2547e-20 	0.0126709 	-2.05511e-20 	4.97508e-06
0.000603846 	-699.216 	-22.7512 	-0.20635 	-5.75533e-20 	-0.0124727 	0.103824 	-1.27308e-20 	0.0124676 	-3.42503e-20 	5.1478e-06
0.000629864 	-699.266 	-22.8942 	-0.216472 	5.60376e-20 	-0.0123488 	0.0764182 	1.11391e-20 	0.0123435 	-1.95544e-20 	5.27366e-06
0.000656921 	-699.32 	-23.0029 	-0.226975 	8.41663e-22 	-0.012272 	0.0551489 	-1.18736e-21 	0.0122667 	1.70295e-20 	5.25967e-06
0.000685062 	-699.38 	-23.0829 	-0.237862 	-8.47848e-22 	-0.012222 	0.0384054 	2.53509e-21 	0.0122167 	-4.21692e-20 	5.2679e-06
0.000714331 	-699.446 	-23.1386 	-0.249138 	1.60347e-19 	-0.0121818 	0.0248423 	3.26036e-20 	0.0121764 	2.26944e-20 	5.33578e-06
0.000744778 	-699.517 	-23.1728 	-0.260814 	-1.0225e-19 	-0.0121371 	0.0134439 	-2.80575e-20 	0.0121318 	2.02909e-20 	5.34742e-06
0.000776452 	-699.595 	-23.1872 	-0.2729 	9.78752e-20 	-0.0120834 	0.00352476 	2.26848e-20 	0.0120782 	-5.24336e-20 	5.29403e-06
0.000809406 	-699.679 	-23.1828 	-0.28541 	1.06321e-19 	-0.0120255 	-0.00532141 	2.72788e-20 	0.0120202 	8.95378e-20 	5.27302e-06
0.000843695 	-699.772 	-23.16 	-0.298364 	-2.97642e-19 	-0.0119686 	-0.0132909 	-6.13116e-20 	0.0119633 	5.09636e-20 	5.27708e-06
0.000879376 	-699.872 	-23.1192 	-0.311784 	-9.78589e-20 	-0.0119174 	-0.0204304 	-2.1112e-20 	0.0119121 	-1.24685e-19 	5.25433e-06
0.000916509 	-699.981 	-23.0609 	-0.325701 	2.80746e-19 	-0.0118781 	-0.0266863 	5.75329e-20 	0.0118729 	-4.47317e-20 	5.27697e-06
0.000955157 	-700.099 	-22.986 	-0.340152 	9.78129e-20 	-0.0118536 	-0.0319407 	2.09018e-20 	0.0118483 	9.25295e-20 	5.31543e-06
0.000995384 	-700.227 	-22.8958 	-0.355184 	-1.82949e-19 	-0.0118458 	-0.0360697 	-3.75641e-20 	0.0118405 	3.81473e-20 	5.26376e-06
0.00103726 	-700.366 	-22.7923 	-0.37085 	-8.73667e-20 	-0.0118574 	-0.0390158 	-1.63741e-20 	0.011852 	-3.38666e-20 	5.33043e-06
0.00108085 	-700.517 	-22.6779 	-0.387207 	-2.08042e-21 	-0.0118879 	-0.0408417 	-1.03763e-21 	0.0118826 	-3.06841e-20 	5.30193e-06
0.00112624 	-700.68 	-22.5547 	-0.404315 	8.52782e-20 	-0.0119338 	-0.0417389 	1.03261e-20 	0.0119289 	-1.30044e-21 	4.88611e-06
0.00117351 	-700.857 	-22.4246 	-0.422228 	-2.52685e-23 	-0.0119876 	-0.0419767 	-4.8132e-21 	0.0119819 	1.47387e-20 	5.74413e-06
0.00122272 	-701.049 	-22.2889 	-0.440979 	-1.53624e-23 	-0.0120462 	-0.0418249 	4.74768e-21 	0.0120402 	3.05788e-23 	5.96627e-06
0.00127398 	-701.257 	-22.1482 	-0.46063 	3.71911e-22 	-0.0121014 	-0.0414369 	1.35999e-20 	0.012097 	-2.15161e-20 	4.44963e-06
0.00132736 	-701.483 	-22.0029 	-0.481199 	1.48388e-19 	-0.0121375 	-0.0408923 	2.87845e-20 	0.0121333 	-2.07011e-21 	4.22557e-06
0.00138296 	-701.728 	-21.8532 	-0.502677 	4.56176e-21 	-0.0121619 	-0.0403235 	-1.59701e-20 	0.0121573 	2.19143e-20 	4.60125e-06
0.00144089 	-701.995 	-21.699 	-0.52511 	-5.29615e-21 	-0.0121879 	-0.0398212 	-9.62379e-21 	0.0121832 	1.74213e-20 	4.68255e-06
0.00150123 	-702.285 	-21.5397 	-0.548544 	-1.2786e-19 	-0.0122156 	-0.0393891 	-7.71912e-21 	0.0122109 	1.24624e-21 	4.67936e-06
0.00156411 	-702.601 	-21.3748 	-0.57303 	-8.85241e-21 	-0.0122453 	-0.0390176 	1.43989e-21 	0.0122408 	-3.18663e-20 	4.52792e-06
0.00162962 	-702.943 	-21.204 	-0.59862 	1.32859e-19 	-0.012277 	-0.0386985 	1.37615e-20 	0.0122726 	2.547e-20 	4.43755e-06
0.00169789 	-703.315 	-21.0268 	-0.62537 	-2.44473e-19 	-0.0123111 	-0.0384241 	-4.01581e-20 	0.0123068 	1.727e-20 	4.3446e-06
0.00176903 	-703.718 	-20.8427 	-0.653339 	-4.10027e-21 	-0.0123479 	-0.0381873 	-1.71334e-21 	0.0123437 	-3.9404e-20 	4.23934e-06
0.00184318 	-704.156 	-20.6513 	-0.68259 	1.15491e-19 	-0.0123878 	-0.037981 	7.68732e-21 	0.0123836 	2.06243e-20 	4.13935e-06
0.00192047 	-704.63 	-20.4522 	-0.713192 	-2.17245e-19 	-0.012431 	-0.0377977 	-3.9738e-20 	0.012427 	3.33992e-20 	4.03664e-06
0.00200104 	-705.145 	-20.2448 	-0.745219 	-2.16833e-19 	-0.0124782 	-0.0376291 	-2.53267e-20 	0.0124743 	-3.94239e-20 	3.93361e-06
0.00208504 	-705.702 	-20.0287 	-0.778749 	2.03175e-19 	-0.01253 	-0.0374651 	3.82046e-20 	0.0125262 	-7.34006e-20 	3.82651e-06
0.00217261 	-706.305 	-19.8036 	-0.813869 	5.97095e-19 	-0.0125871 	-0.0372917 	9.31742e-20 	0.0125833 	3.23858e-20 	3.75168e-06
0.00226392 	-706.959 	-19.5691 	-0.850673 	-1.78556e-19 	-0.0126504 	-0.0370888 	-2.5186e-20 	0.0126468 	8.34838e-20 	3.58242e-06
0.00235914 	-707.666 	-19.325 	-0.889265 	-3.86692e-19 	-0.0127206 	-0.036827 	-4.70249e-20 	0.0127168 	-2.87242e-20 	3.73286e-06
0.00245843 	-708.431 	-19.0713 	-0.929749 	1.85112e-19 	-0.0127998 	-0.0364636 	2.24833e-20 	0.0127968 	-4.42912e-20 	2.9599e-06
0.00256199 	-709.258 	-18.8085 	-0.972279 	1.73536e-19 	-0.012884 	-0.0359336 	4.79495e-21 	0.0128778 	2.05261e-21 	6.23605e-06
0.00267001 	-710.152 	-18.5376 	-1.01687 	1.74812e-19 	-0.0129755 	-0.0350688 	3.17504e-20 	0.0129712 	2.73204e-20 	4.26078e-06
0.00278268 	-711.077 	-18.2738 	-1.06171 	-1.9133e-19 	-0.0130424 	-0.0336605 	-1.76641e-20 	0.0130448 	2.40972e-20 	-2.35248e-06
0.00287985 	-711.979 	-18.0367 	-1.10385 	-1.92097e-19 	-0.0130617 	-0.032086 	-2.85874e-20 	0.0130587 	-2.05476e-21 	2.94461e-06
0.00297601 	-712.872 	-17.8184 	-1.144 	-1.95922e-19 	-0.0130962 	-0.0309227 	-3.50056e-20 	0.0130905 	-1.73813e-20 	5.66098e-06
0.00307126 	-713.783 	-17.6067 	-1.184 	1.70434e-21 	-0.0131574 	-0.03002 	2.41442e-22 	0.0131541 	6.38561e-22 	3.27762e-06
0.00316572 	-714.715 	-17.4013 	-1.22385 	-1.98911e-19 	-0.0132171 	-0.0291306 	1.34603e-20 	0.0132137 	-2.14474e-21 	3.38579e-06
0.00325949 	-715.667 	-17.2017 	-1.2636 	2.52072e-21 	-0.0132795 	-0.0282665 	-2.52205e-21 	0.0132763 	-5.02506e-20 	3.21446e-06
0.00335269 	-716.639 	-17.0076 	-1.3033 	3.99051e-19 	-0.0133438 	-0.0274163 	1.92349e-20 	0.0133406 	-3.02474e-20 	3.25258e-06
0.00344541 	-717.632 	-16.8184 	-1.34299 	4.04736e-19 	-0.0134109 	-0.0265768 	4.59115e-20 	0.0134077 	3.76899e-20 	3.15372e-06
0.00353777 	-718.647 	-16.6341 	-1.38273 	-1.52352e-21 	-0.0134807 	-0.0257421 	4.28223e-21 	0.0134775 	6.8815e-20 	3.13895e-06
0.00362985 	-719.685 	-16.4543 	-1.42257 	-4.06245e-19 	-0.0135536 	-0.0249077 	-4.20111e-20 	0.0135506 	3.11189e-20 	3.06658e-06
0.00372177 	-720.745 	-16.2788 	-1.46255 	-4.14274e-19 	-0.01363 	-0.0240692 	-5.49081e-20 	0.013627 	-3.18354e-21 	3.02798e-06
0.00381363 	-721.831 	-16.1074 	-1.50274 	-4.14926e-19 	-0.0137102 	-0.0232232 	-8.14558e-20 	0.0137072 	-3.9322e-20 	2.96528e-06
0.00390552 	-722.941 	-15.9401 	-1.5432 	3.26601e-21 	-0.0137946 	-0.0223675 	2.53417e-20 	0.0137917 	-5.24421e-22 	2.91644e-06
0.00399755 	-724.079 	-15.7766 	-1.58396 	-4.14213e-19 	-0.0138836 	-0.021501 	4.42112e-21 	0.0138808 	-7.42571e-20 	2.85789e-06
0.0040898 	-725.244 	-15.6169 	-1.62511 	8.29404e-19 	-0.0139777 	-0.0206243 	7.29503e-20 	0.0139749 	-1.31893e-19 	2.8055e-06
0.00418239 	-726.439 	-15.4609 	-1.66669 	1.24317e-18 	-0.0140775 	-0.0197391 	1.04472e-19 	0.0140747 	1.17147e-19 	2.74966e-06
0.00427541 	-727.665 	-15.3084 	-1.70877 	-4.16458e-19 	-0.0141833 	-0.0188489 	-4.13563e-20 	0.0141806 	1.69434e-19 	2.6969e-06
0.00436896 	-728.923 	-15.1594 	-1.75142 	-8.24267e-19 	-0.0142959 	-0.0179584 	-4.32944e-20 	0.0142933 	-4.31006e-20 	2.64326e-06
0.00446312 	-730.217 	-15.0138 	-1.7947 	-1.52973e-21 	-0.0144158 	-0.0170735 	-6.9936e-21 	0.0144132 	-1.0235e-19 	2.59117e-06
0.00455801 	-731.546 	-14.8713 	-1.83869 	4.10676e-19 	-0.0145438 	-0.0162014 	2.60306e-20 	0.0145412 	4.04431e-21 	2.53876e-06
0.00465372 	-732.914 	-14.7317 	-1.88347 	4.24098e-32 	-0.0146804 	-0.01535 	4.01442e-21 	0.0146779 	6.68723e-20 	2.48699e-06
0.00475034 	-734.323 	-14.5949 	-1.92912 	-4.13484e-19 	-0.0148264 	-0.0145284 	-6.03234e-20 	0.014824 	-3.85422e-21 	2.43514e-06
0.00484797 	-735.775 	-14.4605 	-1.97572 	-2.47845e-21 	-0.0149827 	-0.0137452 	-8.68998e-21 	0.0149803 	-1.29549e-19 	2.38369e-06
0.00494672 	-737.272 	-14.3282 	-2.02336 	1.22497e-18 	-0.01515 	-0.013009 	1.04429e-19 	0.0151476 	1.17596e-20 	2.33245e-06
0.00504667 	-738.818 	-14.1975 	-2.07214 	5.88349e-21 	-0.015329 	-0.012327 	2.79994e-20 	0.0153268 	2.19922e-19 	2.28152e-06
0.00514793 	-740.414 	-14.0681 	-2.12217 	-1.61339e-18 	-0.0155206 	-0.0117049 	-1.44106e-19 	0.0155184 	1.46124e-20 	2.23068e-06
0.0052506 	-742.064 	-13.9393 	-2.17354 	-4.10068e-19 	-0.0157253 	-0.0111466 	-6.03386e-20 	0.0157232 	-2.16756e-19 	2.1802e-06
0.00535478 	-743.771 	-13.8108 	-2.22637 	1.19621e-18 	-0.0159437 	-0.010654 	1.24361e-19 	0.0159416 	-1.05941e-19 	2.12954e-06
0.00546057 	-745.538 	-13.6819 	-2.28078 	1.19383e-18 	-0.0161763 	-0.0102272 	9.99249e-20 	0.0161743 	1.01812e-19 	2.08176e-06
0.00556808 	-747.367 	-13.552 	-2.3369 	-8.05688e-22 	-0.016424 	-0.00986351 	-6.52641e-21 	0.0164219 	8.8034e-20 	2.0335e-06
0.0056774 	-749.264 	-13.4207 	-2.39487 	1.86107e-22 	-0.0166873 	-0.00955767 	6.21751e-22 	0.0166853 	2.65538e-20 	1.98291e-06
0.00578864 	-751.229 	-13.2873 	-2.45482 	-3.77409e-19 	-0.0169671 	-0.00930104 	-2.49961e-20 	0.0169651 	4.79624e-20 	1.98492e-06
0.0059019 	-753.269 	-13.1515 	-2.51691 	-7.64618e-19 	-0.0172644 	-0.00908153 	-5.89944e-20 	0.0172626 	-3.51272e-20 	1.82167e-06
0.0060173 	-755.386 	-13.0127 	-2.58131 	2.90082e-23 	-0.0175799 	-0.00888432 	-4.98207e-21 	0.0175778 	-7.67476e-20 	2.03966e-06
0.00613495 	-757.584 	-12.8706 	-2.64817 	3.74509e-19 	-0.0179158 	-0.00869195 	3.5321e-20 	0.0179137 	-1.99653e-20 	2.07149e-06
0.00625495 	-759.867 	-12.7252 	-2.71772 	3.82364e-19 	-0.0182769 	-0.00848241 	6.23239e-20 	0.0182774 	5.25811e-20 	-4.51094e-07
0.00637741 	-762.241 	-12.5764 	-2.7902 	-3.72758e-19 	-0.0186453 	-0.00822372 	-3.06246e-20 	0.0186308 	6.63575e-20 	1.45487e-05
0.00650245 	-764.706 	-12.4245 	-2.86538 	-7.42016e-19 	-0.0190475 	-0.00774203 	-9.44893e-20 	0.0190408 	-3.78155e-20 	6.71497e-06
0.00663019 	-767.196 	-12.2775 	-2.94166 	3.60529e-20 	-0.0194158 	-0.00668581 	8.5791e-22 	0.0194365 	-4.38704e-20 	-2.06769e-05
0.0067433 	-769.625 	-12.1472 	-3.01494 	-2.70766e-22 	-0.0196667 	-0.00537549 	3.06862e-21 	0.0196675 	3.28517e-20 	-8.63251e-07
0.00685588 	-772.032 	-12.0282 	-3.08609 	-3.97278e-19 	-0.0199488 	-0.00450936 	-2.85203e-20 	0.0199379 	-6.35169e-20 	1.09154e-05
0.00696794 	-774.477 	-11.9118 	-3.15835 	8.05758e-19 	-0.0202942 	-0.003932 	6.11025e-20 	0.0202924 	-4.1231e-20 	1.84188e-06
0.00707952 	-776.962 	-11.7984 	-3.23146 	3.98262e-19 	-0.0206356 	-0.00333497 	3.19236e-20 	0.0206335 	1.20713e-19 	2.08517e-06
0.00719063 	-779.487 	-11.6878 	-3.30553 	-8.12552e-19 	-0.0209847 	-0.00272917 	-6.06747e-20 	0.020983 	4.22183e-20 	1.68985e-06
0.00730128 	-782.052 	-11.5801 	-3.38052 	-4.13623e-19 	-0.0213393 	-0.0021072 	-4.17602e-20 	0.0213374 	-9.40835e-20 	1.95877e-06
0.00741149 	-784.658 	-11.4755 	-3.45648 	4.12543e-19 	-0.0217013 	-0.00147335 	3.40147e-20 	0.0216995 	-8.06234e-20 	1.80382e-06
0.00752127 	-787.307 	-11.3739 	-3.53344 	8.25794e-19 	-0.0220699 	-0.000826053 	6.34335e-20 	0.022068 	3.0572e-20 	1.92123e-06
0.00763065 	-789.998 	-11.2753 	-3.61142 	2.04338e-19 	-0.0224459 	-0.000167556 	1.05108e-20 	0.022444 	9.26489e-20 	1.85824e-06
0.00773964 	-792.733 	-11.18 	-3.69044 	-4.11284e-19 	-0.022829 	0.000501761 	-2.37122e-20 	0.0228271 	2.09789e-20 	1.90587e-06
0.00784825 	-795.512 	-11.0878 	-3.77053 	-2.03756e-19 	-0.0232195 	0.00118022 	-1.47105e-20 	0.0232177 	-3.38437e-20 	1.87371e-06
0.00795649 	-798.338 	-10.9988 	-3.85172 	4.20046e-32 	-0.0236175 	0.00186676 	-9.0682e-22 	0.0236156 	6.29673e-22 	1.88381e-06
0.00806438 	-801.21 	-10.913 	-3.93403 	-2.10666e-19 	-0.0240231 	0.0025599 	-6.2018e-21 	0.0240213 	-4.45731e-21 	1.85647e-06
0.00817193 	-804.13 	-10.8304 	-4.0175 	-5.27282e-22 	-0.0244363 	0.00325835 	6.17141e-21 	0.0244345 	-1.56286e-20 	1.84254e-06
0.00827916 	-807.1 	-10.751 	-4.10215 	4.45136e-21 	-0.0248572 	0.0039607 	6.84093e-21 	0.0248554 	-4.55345e-22 	1.80914e-06
0.00838607 	-810.12 	-10.6749 	-4.188 	-7.14929e-22 	-0.0252858 	0.00466567 	-7.7634e-21 	0.025284 	-2.96993e-20 	1.77811e-06
0.00849267 	-813.192 	-10.602 	-4.27508 	4.10711e-19 	-0.0257221 	0.00537198 	1.02211e-20 	0.0257204 	-2.0575e-20 	1.73628e-06
0.00859899 	-816.317 	-10.5322 	-4.36343 	4.17827e-19 	-0.0261663 	0.00607846 	2.60968e-20 	0.0261646 	5.58117e-20 	1.69338e-06
0.00870502 	-819.497 	-10.4656 	-4.45306 	-2.08738e-19 	-0.0266183 	0.00678403 	-1.05264e-20 	0.0266166 	4.08239e-20 	1.64469e-06
0.00881078 	-822.732 	-10.4021 	-4.54401 	-2.04011e-19 	-0.0270782 	0.00748768 	-6.56423e-21 	0.0270766 	-2.10564e-20 	1.59505e-06
0.00891628 	-826.025 	-10.3417 	-4.63631 	6.76522e-21 	-0.027546 	0.00818849 	1.25386e-20 	0.0275445 	-1.49275e-20 	1.54333e-06
0.00902152 	-829.377 	-10.2843 	-4.72997 	-5.24065e-21 	-0.0280217 	0.00888565 	-1.27102e-20 	0.0280202 	9.85032e-22 	1.49244e-06
0.00912653 	-832.79 	-10.2299 	-4.82503 	1.17969e-21 	-0.0285053 	0.00957847 	-5.30646e-21 	0.0285039 	3.04113e-20 	1.44258e-06
0.0092313 	-836.265 	-10.1785 	-4.92151 	-4.13712e-19 	-0.0289969 	0.0102664 	-1.8415e-20 	0.0289955 	-2.70438e-20 	1.39557e-06
0.00933584 	-839.803 	-10.1299 	-5.01945 	2.08374e-19 	-0.0294965 	0.0109489 	1.57717e-20 	0.0294951 	-5.59386e-20 	1.35225e-06
0.00944016 	-843.407 	-10.0842 	-5.11886 	4.13321e-19 	-0.030004 	0.0116255 	2.64208e-20 	0.0300027 	7.40467e-20 	1.31398e-06
0.00954428 	-847.078 	-10.0412 	-5.21979 	-6.18345e-19 	-0.0305196 	0.0122959 	-3.99096e-20 	0.0305183 	2.79003e-20 	1.28163e-06
0.00964819 	-850.817 	-10.001 	-5.32224 	-2.04705e-19 	-0.0310431 	0.0129597 	-1.35393e-20 	0.0310419 	-5.26655e-20 	1.25628e-06
0.00975191 	-854.627 	-9.96351 	-5.42626 	-6.67085e-22 	-0.0315747 	0.0136161 	-6.294e-21 	0.0315734 	-5.08124e-22 	1.23916e-06
0.00985544 	-858.509 	-9.92861 	-5.53186 	-2.03997e-19 	-0.032114 	0.0142645 	-1.27764e-20 	0.0321128 	-3.74515e-20 	1.23117e-06
0.00995879 	-862.466 	-9.89627 	-5.63908 	4.04485e-19 	-0.0326609 	0.0149034 	2.30248e-20 	0.0326597 	-1.73333e-20 	1.23337e-06
0.010062 	-866.497 	-9.86641 	-5.74793 	1.993e-19 	-0.0332149 	0.015531 	1.12877e-20 	0.0332136 	6.80785e-21 	1.24734e-06
0.010165 	-870.607 	-9.83896 	-5.85845 	4.03844e-19 	-0.0337753 	0.0161448 	2.33054e-20 	0.033774 	1.39668e-20 	1.27402e-06
0.0102678 	-874.796 	-9.81381 	-5.97065 	2.01497e-19 	-0.0343413 	0.0167411 	7.85013e-21 	0.0343399 	7.60988e-20 	1.31504e-06
0.0103705 	-879.065 	-9.79083 	-6.08455 	-5.0045e-19 	-0.0349118 	0.0173154 	-2.26029e-20 	0.0349104 	1.27388e-20 	1.37185e-06
0.010473 	-883.418 	-9.76987 	-6.20016 	-2.0036e-19 	-0.0354853 	0.0178613 	-1.26068e-20 	0.0354839 	-5.3009e-20 	1.44443e-06
0.0105754 	-887.855 	-9.75072 	-6.31749 	1.0085e-19 	-0.03606 	0.0183704 	5.2205e-21 	0.0360585 	-4.22967e-21 	1.53294e-06
0.0106777 	-892.378 	-9.73311 	-6.43655 	-9.74664e-20 	-0.0366331 	0.0188312 	-6.12004e-21 	0.0366315 	-3.90584e-21 	1.63617e-06
0.0107798 	-896.989 	-9.7167 	-6.55731 	9.92313e-20 	-0.0372006 	0.019227 	1.18128e-20 	0.0371989 	-1.1251e-20 	1.75058e-06
0.0108818 	-901.688 	-9.70101 	-6.67977 	1.00587e-19 	-0.0377564 	0.0195348 	1.22835e-20 	0.0377546 	1.90326e-20 	1.87252e-06
0.0109837 	-906.478 	-9.68539 	-6.80386 	-9.92262e-20 	-0.0382916 	0.0197224 	-1.18558e-20 	0.0382896 	-3.52252e-21 	1.99657e-06
0.0110854 	-911.359 	-9.66895 	-6.9295 	9.57927e-20 	-0.0387933 	0.0197454 	-2.81204e-22 	0.0387912 	-1.09386e-20 	2.11459e-06
0.011187 	-916.332 	-9.65046 	-7.05657 	9.94728e-20 	-0.0392432 	0.0195438 	9.14194e-21 	0.039241 	1.14582e-20 	2.21604e-06
0.0112885 	-921.395 	-9.62827 	-7.18486 	1.06166e-21 	-0.0396161 	0.0190369 	2.99376e-21 	0.0396138 	1.52737e-20 	2.28503e-06
0.0113899 	-926.549 	-9.60011 	-7.31407 	-9.67701e-20 	-0.0398769 	0.0181176 	-9.24655e-21 	0.0398746 	3.11624e-21 	2.29858e-06
0.0114912 	-931.79 	-9.5629 	-7.44378 	-9.41484e-20 	-0.0399774 	0.0166431 	-2.93748e-21 	0.0399751 	-1.19647e-20 	2.22964e-06
0.0115924 	-937.115 	-9.51253 	-7.57339 	-3.36733e-32 	-0.0398507 	0.0144257 	1.75452e-22 	0.0398487 	-7.24543e-21 	2.0443e-06
0.0116936 	-942.518 	-9.4435 	-7.70203 	0 	-0.0394055 	0.0112214 	-5.22169e-34 	0.0394038 	-2.58654e-33 	1.69239e-06
0.0117946 	-947.988 	-9.34848 	-7.82852 	0 	-0.0385189 	0.0067229 	-4.15468e-36 	0.0385177 	0 	1.19277e-06
0.0118955 	-953.512 	-9.21797 	-7.9512 	0 	-0.0370312 	0.000564336 	3.09878e-23 	0.0370306 	3.6443e-21 	5.96843e-07
0.0119963 	-959.072 	-9.03985 	-8.06787 	-4.71421e-20 	-0.0347498 	-0.00764372 	-1.16631e-21 	0.0347502 	1.22126e-21 	-3.25488e-07
0.0120971 	-964.641 	-8.79947 	-8.17563 	-4.83605e-20 	-0.0314715 	-0.0182174 	-3.39384e-21 	0.0314718 	-9.89412e-21 	-3.36176e-07
0.0121977 	-970.185 	-8.48053 	-8.27097 	4.84044e-20 	-0.0270512 	-0.0311988 	2.63758e-21 	0.0270492 	-6.92629e-21 	2.09185e-06
0.0122983 	-975.662 	-8.06775 	-8.35005 	7.28002e-20 	-0.0215498 	-0.0460274 	3.75872e-21 	0.0215509 	6.71402e-21 	-1.08457e-06
0.0123989 	-981.023 	-7.55212 	-8.40984 	1.09446e-20 	-0.0154018 	-0.061163 	-1.30894e-21 	0.0153925 	8.78058e-21 	9.30506e-06
0.0124993 	-986.213 	-6.93868 	-8.44911 	-3.11556e-20 	-0.00961399 	-0.0739525 	-6.35633e-22 	0.00955032 	1.811e-22 	6.36719e-05
0.0125997 	-991.18 	-6.25366 	-8.4709 	-1.25138e-20 	-0.0058797 	-0.081307 	-1.47962e-22 	0.00586744 	-3.58644e-21 	1.22661e-05
0.0127 	-995.884 	-5.55474 	-8.48649 	6.77764e-21 	-0.00555728 	-0.0811779 	6.78456e-22 	0.00560872 	-1.76744e-21 	-5.14423e-05
0.012794 	-1000.31 	-4.9034 	-8.50605 	1.38663e-20 	-0.00890863 	-0.0733446 	-8.42802e-23 	0.00887439 	3.67224e-21 	3.42463e-05
0.0128893 	-1004.54 	-4.33167 	-8.54061 	-3.0201e-20 	-0.0152389 	-0.0601741 	-1.91864e-21 	0.0151896 	1.02839e-21 	4.93095e-05
0.012986 	-1008.64 	-3.85002 	-8.59947 	-1.38728e-20 	-0.0227684 	-0.0461804 	-8.41132e-22 	0.0227617 	-3.10934e-21 	6.68674e-06
0.013084 	-1012.65 	-3.45088 	-8.68286 	-2.95592e-22 	-0.029844 	-0.0346592 	1.06004e-22 	0.029841 	-1.11897e-21 	3.02563e-06
0.0131835 	-1016.62 	-3.11504 	-8.78854 	-5.48138e-23 	-0.0358778 	-0.0262458 	1.09622e-21 	0.0358759 	2.11995e-21 	1.91705e-06
0.0132844 	-1020.58 	-2.82451 	-8.91334 	-2.82752e-20 	-0.0409007 	-0.0203067 	2.44467e-21 	0.0408964 	-1.3616e-21 	4.3022e-06
0.0133867 	-1024.55 	-2.56648 	-9.05496 	-2.65735e-22 	-0.0450898 	-0.0161248 	-1.19354e-22 	0.0450856 	-6.52559e-21 	4.16945e-06
0.0134906 	-1028.57 	-2.33108 	-9.21123 	5.8077e-20 	-0.0485057 	-0.0133421 	-1.04612e-21 	0.0485007 	2.54879e-21 	4.9808e-06
0.0135959 	-1032.64 	-2.10923 	-9.37999 	-2.09708e-32 	-0.0511996 	-0.0117435 	-1.72639e-21 	0.0511941 	4.45291e-21 	5.49356e-06
0.0137027 	-1036.79 	-1.8932 	-9.55921 	-1.54016e-21 	-0.0532878 	-0.0110572 	-2.05534e-21 	0.0532811 	8.26721e-21 	6.6944e-06
0.0138111 	-1041.03 	-1.67716 	-9.74736 	-1.14534e-19 	-0.0549243 	-0.0110012 	4.28391e-21 	0.0549169 	2.7365e-21 	7.42973e-06
0.0139211 	-1045.37 	-1.45707 	-9.94333 	-1.16336e-19 	-0.056244 	-0.0113576 	-1.96912e-21 	0.0562363 	-2.93607e-20 	7.64875e-06
0.0140327 	-1049.8 	-1.23012 	-10.1464 	2.27812e-19 	-0.0573598 	-0.0119752 	1.3176e-21 	0.0573524 	9.80288e-21 	7.35453e-06
0.0141458 	-1054.35 	-0.99451 	-10.3562 	-1.1081e-19 	-0.0583677 	-0.0127419 	2.7659e-21 	0.0583585 	1.82033e-20 	9.1753e-06
0.0142607 	-1059 	-0.749217 	-10.5726 	-1.16971e-19 	-0.0593383 	-0.0135804 	3.09533e-21 	0.0593268 	-2.78507e-20 	1.14956e-05
0.0143772 	-1063.77 	-0.493842 	-10.7958 	2.2499e-19 	-0.0602864 	-0.0144368 	4.87992e-21 	0.0602754 	2.6674e-21 	1.10005e-05
0.0144954 	-1068.66 	-0.228516 	-11.0258 	-4.43262e-32 	-0.0611813 	-0.0152676 	-6.82349e-21 	0.0611711 	1.49638e-20 	1.01956e-05
0.0146154 	-1073.67 	0.0461529 	-11.2624 	0 	-0.0619885 	-0.0160471 	-3.43308e-21 	0.0619797 	-2.53179e-33 	8.85789e-06
0.0147371 	-1078.8 	0.329284 	-11.5055 	0 	-0.0626925 	-0.0167726 	-1.58951e-22 	0.0626845 	6.23468e-21 	7.92379e-06
0.0148606 	-1084.07 	0.620062 	-11.7547 	-9.95273e-20 	-0.0633158 	-0.0174706 	3.34017e-21 	0.0633048 	-1.82452e-20 	1.09878e-05
0.0149859 	-1089.48 	0.918134 	-12.01 	2.02544e-19 	-0.063907 	-0.0181801 	5.96684e-21 	0.0638944 	-1.28537e-20 	1.2543e-05
0.0151131 	-1095.02 	1.22354 	-12.2714 	2.91556e-19 	-0.0645093 	-0.0189154 	-1.07399e-20 	0.0644982 	4.14943e-20 	1.10978e-05
0.0152422 	-1100.71 	1.53644 	-12.5393 	-1.92735e-19 	-0.0651429 	-0.0196727 	-6.0681e-21 	0.0651326 	1.7616e-20 	1.0269e-05
0.0153732 	-1106.55 	1.85699 	-12.8139 	-1.82225e-19 	-0.065812 	-0.0204484 	8.15655e-21 	0.0658019 	-4.38003e-20 	1.00611e-05
0.0155062 	-1112.56 	2.18533 	-13.0955 	3.56633e-19 	-0.0665208 	-0.0212419 	-9.14355e-21 	0.0665108 	2.16769e-20 	1.00046e-05
0.0156411 	-1118.72 	2.52156 	-13.3845 	-1.56647e-19 	-0.0672764 	-0.0220545 	6.21964e-21 	0.0672665 	2.95275e-20 	9.86407e-06
0.0157781 	-1125.06 	2.86576 	-13.6813 	-3.5947e-19 	-0.0680879 	-0.0228859 	-1.57029e-21 	0.0680782 	-4.10911e-20 	9.71422e-06
0.0159171 	-1131.59 	3.21797 	-13.9862 	1.62512e-19 	-0.0689646 	-0.0237357 	-7.37719e-21 	0.068955 	-2.65701e-20 	9.55753e-06
0.0160582 	-1138.29 	3.57815 	-14.2999 	3.27221e-19 	-0.0699159 	-0.0246046 	1.05097e-22 	0.0699066 	2.43385e-20 	9.37442e-06
0.0162014 	-1145.2 	3.94625 	-14.6228 	1.61593e-19 	-0.0709519 	-0.0254929 	-9.216e-21 	0.0709428 	4.6362e-20 	9.18607e-06
0.0163469 	-1152.31 	4.32213 	-14.9557 	-2.95015e-19 	-0.0720828 	-0.0264015 	1.47366e-20 	0.0720739 	-8.93784e-23 	8.98061e-06
0.0164945 	-1159.63 	4.7056 	-15.2993 	-2.88023e-19 	-0.0733191 	-0.0273314 	1.32194e-20 	0.0733103 	-4.68945e-20 	8.77371e-06
0.0166444 	-1167.17 	5.09642 	-15.6542 	1.26651e-19 	-0.0746713 	-0.0282843 	-7.9743e-21 	0.0746627 	-1.69377e-20 	8.5629e-06
0.0167966 	-1174.95 	5.49423 	-16.0215 	2.84273e-19 	-0.0761494 	-0.0292623 	-8.8549e-21 	0.076141 	4.46798e-20 	8.35506e-06
0.0169511 	-1182.96 	5.89865 	-16.4021 	-2.60321e-19 	-0.0777619 	-0.0302684 	8.47205e-21 	0.0777537 	-1.65688e-20 	8.15205e-06
0.017108 	-1191.22 	6.3092 	-16.797 	1.20272e-19 	-0.0795168 	-0.0313078 	-4.78479e-21 	0.0795088 	-1.24421e-20 	7.96004e-06
0.0172673 	-1199.74 	6.72536 	-17.2073 	2.59978e-19 	-0.0814174 	-0.0323876 	-1.15503e-20 	0.0814096 	4.39375e-20 	7.78095e-06
0.0174291 	-1208.53 	7.1466 	-17.6342 	-2.48138e-19 	-0.0834605 	-0.0335172 	8.87056e-21 	0.0834529 	-6.97513e-21 	7.61819e-06
0.0175934 	-1217.58 	7.57242 	-18.0788 	-1.19854e-19 	-0.0856363 	-0.03471 	5.70082e-21 	0.0856288 	-1.36556e-20 	7.47625e-06
0.0177603 	-1226.92 	8.00241 	-18.5424 	-2.39134e-19 	-0.0879244 	-0.0359839 	4.35523e-21 	0.087917 	-4.27719e-20 	7.35827e-06
0.0179298 	-1236.54 	8.43637 	-19.0259 	2.2395e-19 	-0.0902914 	-0.0373621 	-4.49617e-21 	0.0902841 	1.51015e-20 	7.27143e-06
0.0181019 	-1246.44 	8.87442 	-19.5302 	1.28495e-20 	-0.0926895 	-0.038874 	1.46013e-21 	0.0926823 	1.06025e-20 	7.20596e-06
0.0182768 	-1256.63 	9.31711 	-20.0559 	-2.21298e-20 	-0.0950515 	-0.0405544 	-1.34064e-20 	0.0950443 	-2.68736e-20 	7.19593e-06
0.0184545 	-1267.09 	9.76567 	-20.6032 	6.43463e-19 	-0.0972898 	-0.0424431 	-3.96625e-20 	0.0972825 	9.09641e-20 	7.28567e-06
0.018635 	-1277.82 	10.2221 	-21.1716 	-1.87807e-19 	-0.0992988 	-0.044584 	1.54175e-20 	0.0992916 	1.85733e-20 	7.16239e-06
0.0188183 	-1288.79 	10.6894 	-21.7601 	-4.03193e-19 	-0.100953 	-0.0470214 	3.34947e-20 	0.100946 	-7.17368e-20 	7.4388e-06
0.0190047 	-1299.98 	11.1717 	-22.3666 	1.9652e-19 	-0.102114 	-0.0497957 	-1.3845e-20 	0.102105 	2.73016e-20 	8.85371e-06
0.019194 	-1311.34 	11.6742 	-22.9881 	-3.66769e-19 	-0.10264 	-0.0529409 	4.0884e-20 	0.102635 	-4.94533e-20 	4.68277e-06
0.0193864 	-1322.83 	12.2035 	-23.6209 	-2.50447e-20 	-0.102374 	-0.0564728 	-3.75596e-21 	0.102366 	-3.64303e-20 	8.47829e-06
0.019582 	-1334.38 	12.7669 	-24.2594 	5.39646e-19 	-0.101162 	-0.060451 	-6.37711e-20 	0.101127 	9.42649e-20 	3.52928e-05
0.0197807 	-1345.87 	13.3745 	-24.8969 	-1.69493e-19 	-0.0988732 	-0.0654906 	1.88127e-20 	0.0988752 	-5.10402e-22 	-1.96556e-06
0.0199827 	-1358.04 	14.0885 	-25.5601 	-1.64079e-19 	-0.0949647 	-0.07268 	2.75064e-20 	0.0949956 	-3.95015e-20 	-3.08702e-05
0.0202302 	-1371.51 	15.0014 	-26.2616 	1.54327e-19 	-0.0892627 	-0.0804089 	-9.69672e-21 	0.089245 	2.4472e-20 	1.77073e-05
0.0204827 	-1385.24 	16.0675 	-26.9562 	-1.40504e-19 	-0.0824847 	-0.0860261 	1.50733e-20 	0.0824596 	-1.60423e-20 	2.5148e-05
0.0207403 	-1398.26 	17.2199 	-27.6066 	-1.53153e-19 	-0.0747379 	-0.0903072 	1.14528e-20 	0.0747254 	-3.81572e-20 	1.24909e-05
0.0210031 	-1410.3 	18.4675 	-28.1995 	2.70888e-19 	-0.0658702 	-0.0942234 	-3.26736e-20 	0.0658574 	4.27911e-20 	1.27282e-05
0.0212713 	-1421.11 	19.8102 	-28.7242 	1.31777e-19 	-0.0560346 	-0.097538 	-1.99917e-20 	0.0560232 	3.40513e-20 	1.13687e-05
0.0215449 	-1430.45 	21.2501 	-29.1692 	1.15213e-21 	-0.0453565 	-0.100174 	-7.37044e-21 	0.0453461 	7.62031e-21 	1.04546e-05
0.0218241 	-1438.08 	22.7838 	-29.5247 	-1.13454e-19 	-0.0340255 	-0.101993 	1.81149e-20 	0.0340167 	-2.13313e-20 	8.79967e-06
0.022109 	-1443.76 	24.4074 	-29.7814 	-1.18772e-19 	-0.022235 	-0.102956 	2.24622e-20 	0.0222272 	-2.82797e-20 	7.83188e-06
0.0223999 	-1447.32 	26.1137 	-29.9321 	1.7284e-32 	-0.0102191 	-0.103044 	1.22666e-22 	0.0102122 	-3.22522e-21 	6.92539e-06
0.0226967 	-1448.58 	27.8943 	-29.9711 	-2.09e-32 	0.00178404 	-0.102304 	-3.30635e-21 	-0.00179055 	2.44256e-21 	6.50431e-06
0.0229996 	-1447.42 	29.7389 	-29.8953 	-9.58575e-20 	0.0135229 	-0.100821 	2.46669e-20 	-0.0135289 	-1.84265e-20 	6.05118e-06
0.0233089 	-1443.78 	31.6363 	-29.7035 	-1.89726e-19 	0.02476 	-0.0987219 	4.69809e-20 	-0.0247657 	-4.99925e-20 	5.65319e-06
0.0236246 	-1437.59 	33.5744 	-29.3973 	8.40843e-20 	0.0352804 	-0.0961582 	-2.25653e-20 	-0.0352855 	1.27775e-20 	5.06956e-06
0.0239469 	-1428.89 	35.5408 	-28.9803 	1.77935e-19 	0.0449145 	-0.0932907 	-4.53935e-20 	-0.0449189 	4.61623e-20 	4.40041e-06
0.0242759 	-1417.69 	37.5233 	-28.4582 	0 	0.0535478 	-0.0902698 	-7.23656e-23 	-0.0535514 	8.11043e-22 	3.59761e-06
0.0246119 	-1404.09 	39.5102 	-27.8379 	1.50386e-19 	0.0611297 	-0.0872199 	-6.24434e-20 	-0.0611324 	3.48721e-20 	2.74807e-06
0.024955 	-1388.18 	41.4903 	-27.127 	1.48579e-19 	0.0676716 	-0.0842284 	-6.58771e-20 	-0.0676734 	4.05886e-20 	1.83929e-06
0.0253054 	-1370.1 	43.4536 	-26.3335 	-9.89163e-22 	0.0732402 	-0.0813433 	1.4875e-21 	-0.0732411 	4.00343e-21 	9.14043e-07
0.0256632 	-1350 	45.391 	-25.4646 	-1.32795e-19 	0.0779476 	-0.078578 	6.12034e-20 	-0.0779476 	-3.20539e-20 	-1.87932e-08
0.0260287 	-1328.05 	47.2944 	-24.5268 	-1.33579e-19 	0.0819411 	-0.0759187 	5.72063e-20 	-0.0819402 	-3.66126e-20 	-8.92614e-07
0.026402 	-1304.43 	49.1569 	-23.5249 	-8.64104e-34 	0.0853953 	-0.0733304 	3.6638e-22 	-0.0853937 	-2.82568e-21 	-1.65454e-06
0.0267834 	-1279.33 	50.9718 	-22.4621 	1.28788e-33 	0.0885054 	-0.0707556 	-3.13041e-22 	-0.0885032 	2.09276e-21 	-2.21868e-06
0.027173 	-1252.95 	52.7331 	-21.3389 	-1.05483e-19 	0.0914736 	-0.0681011 	6.67451e-20 	-0.091471 	-2.45152e-20 	-2.55695e-06
0.0275711 	-1225.5 	54.4337 	-20.1539 	-4.4074e-21 	0.0944879 	-0.0652179 	-6.41277e-21 	-0.0944853 	-3.006e-21 	-2.61052e-06
0.0279778 	-1197.19 	56.0652 	-18.9028 	8.64896e-21 	0.097685 	-0.0618795 	4.01579e-21 	-0.0976825 	3.67007e-21 	-2.46776e-06
0.0283935 	-1168.26 	57.6155 	-17.5802 	-1.65106e-21 	0.101092 	-0.0577718 	9.45382e-21 	-0.10109 	-1.71041e-21 	-2.11079e-06
0.0288183 	-1138.96 	59.0685 	-16.1809 	9.08547e-20 	0.104565 	-0.052516 	-6.78861e-20 	-0.104563 	1.84697e-20 	-1.82024e-06
0.0292525 	-1109.6 	60.403 	-14.7029 	7.98783e-20 	0.107717 	-0.0457351 	-6.94187e-20 	-0.107716 	1.58715e-20 	-1.58686e-06
0.0296963 	-1080.52 	61.5936 	-13.1514 	1.85524e-21 	0.109894 	-0.0371715 	-1.74415e-21 	-0.109893 	1.82531e-21 	-1.77305e-06
0.03015 	-1052.12 	62.6144 	-11.544 	-5.50024e-21 	0.11018 	-0.0268575 	-1.4918e-22 	-0.110178 	-4.76833e-21 	-2.21165e-06
0.0306139 	-1024.81 	63.4461 	-9.9145 	7.09844e-20 	0.107503 	-0.015316 	-6.75616e-20 	-0.1075 	8.61375e-21 	-2.90416e-06
0.0310882 	-998.941 	64.0888 	-8.31608 	-3.50425e-21 	0.100897 	-0.00377141 	-1.41128e-21 	-0.100894 	-7.79956e-22 	-3.46496e-06
0.0315732 	-974.744 	64.5793 	-6.81825 	-6.71676e-20 	0.0900191 	0.00578996 	6.3106e-20 	-0.0900155 	-8.07858e-21 	-3.65115e-06
0.0320692 	-952.238 	65.0067 	-5.49289 	-3.80321e-21 	0.0759189 	0.0110459 	3.83568e-21 	-0.0759163 	-3.86016e-21 	-2.62623e-06
0.0325765 	-931.172 	65.5077 	-4.38458 	1.33063e-21 	0.0616179 	0.0105859 	-1.49461e-21 	-0.0616174 	9.24921e-22 	-5.45985e-07
0.0330955 	-911.061 	66.2157 	-3.47272 	-6.01819e-20 	0.0513942 	0.00556112 	5.9761e-20 	-0.0513976 	-3.86011e-21 	3.35312e-06
0.0336264 	-891.327 	67.1733 	-2.65904 	-4.78977e-34 	0.0481747 	-7.95765e-05 	-1.56549e-21 	-0.0481797 	-1.87404e-22 	5.00879e-06
0.0341696 	-871.64 	68.2779 	-1.81492 	-4.98659e-20 	0.050919 	-0.00238219 	6.17566e-20 	-0.0509217 	-8.72763e-22 	2.69361e-06
0.0347254 	-852.106 	69.3554 	-0.864586 	-1.48479e-21 	0.0556468 	-0.000922339 	3.19288e-21 	-0.0556471 	-1.38459e-21 	3.16106e-07
0.0352943 	-833.075 	70.307 	0.191447 	4.84158e-20 	0.059361 	0.0018911 	-5.89934e-20 	-0.0593602 	2.8204e-22 	-7.41155e-07
0.0358765 	-814.909 	71.1394 	1.32497 	4.31011e-20 	0.0615549 	0.00439795 	-5.74421e-20 	-0.0615547 	-2.08932e-21 	-2.10581e-07
0.0364725 	-797.859 	71.8768 	2.51491 	4.21278e-20 	0.0626764 	0.00669569 	-6.1512e-20 	-0.0626764 	-1.8379e-21 	-4.25989e-08
0.0370826 	-782.127 	72.5096 	3.74644 	-4.1003e-20 	0.0627708 	0.00917382 	5.46386e-20 	-0.0627706 	2.65145e-21 	-2.26281e-07
0.0377073 	-767.882 	73.0173 	4.99723 	-2.17068e-21 	0.0615197 	0.0116515 	2.60039e-21 	-0.0615195 	-2.1292e-21 	-2.05875e-07
0.038347 	-755.23 	73.3866 	6.23683 	-3.57215e-20 	0.0586214 	0.0136294 	5.2932e-20 	-0.0586209 	6.15361e-21 	-4.47065e-07
0.0390021 	-744.216 	73.6156 	7.42648 	-7.32474e-20 	0.0540186 	0.014582 	1.08459e-19 	-0.0540186 	9.891e-21 	-2.7798e-09
0.0396732 	-734.784 	73.7117 	8.52859 	6.94246e-20 	0.0479868 	0.0143943 	-1.04504e-19 	-0.0479867 	-1.31051e-20 	-1.17643e-07
0.0403606 	-726.847 	73.6614 	9.51092 	3.53407e-20 	0.0409011 	0.0132219 	-5.36841e-20 	-0.0409012 	-5.09807e-21 	7.12169e-08
0.0410649 	-720.275 	73.4445 	10.3478 	-3.3694e-20 	0.0332481 	0.0106238 	5.16485e-20 	-0.033248 	6.58769e-21 	-1.15249e-07
0.0417867 	-714.934 	73.0997 	11.0252 	3.18815e-20 	0.025672 	0.00642222 	-4.84985e-20 	-0.0256723 	-8.01842e-21 	2.35213e-07
0.0425263 	-710.663 	72.6724 	11.5452 	5.16747e-22 	0.0188506 	0.00127742 	-1.25933e-21 	-0.0188508 	1.58029e-22 	1.87741e-07
0.0432844 	-707.348 	72.1908 	11.9258 	-7.60161e-22 	0.0131502 	-0.00424884 	1.75356e-21 	-0.0131506 	-2.69128e-22 	3.82074e-07
0.0440616 	-704.908 	71.7054 	12.1887 	5.36728e-22 	0.00761747 	-0.00852874 	-1.24983e-21 	-0.00761651 	3.7593e-22 	-9.6416e-07
0.0448584 	-703.351 	71.1113 	12.3059 	-5.97861e-20 	0.00234623 	-0.00978126 	8.54578e-20 	-0.00234651 	1.47506e-20 	2.78721e-07
0.0456755 	-702.465 	70.2745 	12.3071 	-3.03424e-22 	0.000903234 	-0.0100434 	1.17138e-21 	-0.000905484 	-6.71072e-22 	2.24964e-06
0.0465135 	-702.108 	69.4646 	12.3552 	2.93252e-20 	0.00488613 	-0.0122509 	-3.89846e-20 	-0.00488707 	-7.01875e-21 	9.38744e-07
0.0473731 	-702.601 	69.1141 	12.5772 	8.57671e-23 	0.0105663 	-0.014768 	2.42965e-21 	-0.0105651 	3.71182e-22 	-1.18487e-06
0.0482549 	-704.412 	69.2741 	12.9481 	-9.18038e-24 	0.0140598 	-0.0141851 	-7.19329e-22 	-0.0140591 	1.02579e-23 	-6.6746e-07
0.0491597 	-707.596 	69.6463 	13.383 	-3.7948e-23 	0.0150016 	-0.0101461 	-3.21685e-21 	-0.0150022 	-1.06606e-22 	5.31306e-07
0.0500882 	-711.977 	69.939 	13.829 	-6.05387e-33 	0.0149814 	-0.00487301 	-5.70537e-23 	-0.0149817 	2.06436e-22 	3.05022e-07
0.0510412 	-717.434 	70.0405 	14.2858 	-2.55479e-20 	0.0151574 	-0.000463173 	3.62249e-20 	-0.0151578 	7.34632e-21 	4.1489e-07
0.0520195 	-723.9 	69.976 	14.7669 	-6.9221e-22 	0.0156282 	0.00240719 	2.60314e-22 	-0.0156281 	-2.0176e-22 	-7.44299e-08
0.053024 	-731.374 	69.8011 	15.2787 	2.4891e-20 	0.0161231 	0.0040611 	-3.4545e-20 	-0.0161234 	-7.34327e-21 	3.07793e-07
0.0540554 	-739.805 	69.5571 	15.8185 	2.44687e-20 	0.016482 	0.00500483 	-3.03137e-20 	-0.0164819 	-7.5026e-21 	-1.31828e-07
0.0551148 	-749.196 	69.2668 	16.3825 	2.47868e-20 	0.0166532 	0.00556434 	-3.16522e-20 	-0.0166535 	-7.42334e-21 	3.254e-07
0.056203 	-759.476 	68.944 	16.9639 	-2.32646e-20 	0.0166491 	0.00595768 	3.00571e-20 	-0.016649 	7.45454e-21 	-1.43075e-07
0.057321 	-770.653 	68.5916 	17.5587 	-2.35835e-20 	0.0165028 	0.00625229 	2.99726e-20 	-0.0165032 	7.36229e-21 	3.49341e-07
0.0584698 	-782.637 	68.2185 	18.1618 	-2.35201e-20 	0.0162039 	0.00652863 	2.65099e-20 	-0.0162037 	7.7157e-21 	-1.32519e-07
0.0596505 	-795.445 	67.8213 	18.7671 	-2.39016e-20 	0.0157721 	0.00684467 	2.91326e-20 	-0.0157725 	7.49939e-21 	3.46031e-07
0.0608642 	-808.833 	67.4064 	19.3649 	4.73973e-20 	0.0152168 	0.00725682 	-5.38785e-20 	-0.0152167 	-1.59832e-20 	-8.02839e-08
0.0620624 	-822.601 	66.9727 	19.94 	2.39272e-20 	0.0146222 	0.00777934 	-2.98615e-20 	-0.0146225 	-7.33153e-21 	2.64966e-07
0.0632752 	-836.672 	66.5212 	20.4971 	-4.84734e-20 	0.0139903 	0.00841576 	5.363e-20 	-0.0139904 	1.66283e-20 	5.43714e-08
0.0645026 	-851.101 	66.0431 	21.0328 	-2.49668e-20 	0.0133537 	0.00920833 	2.59624e-20 	-0.0133538 	8.14658e-21 	1.34979e-07
0.065745 	-865.814 	65.5383 	21.553 	1.16952e-20 	0.0126492 	0.0101025 	-1.29174e-20 	-0.0126495 	-4.26088e-21 	2.35022e-07
0.0670027 	-880.749 	65.0096 	22.0452 	3.71945e-20 	0.0118613 	0.0112159 	-3.70629e-20 	-0.0118612 	-1.2563e-20 	-8.22267e-08
0.0682759 	-895.88 	64.4479 	22.514 	1.25269e-20 	0.0110149 	0.0125426 	-1.29436e-20 	-0.0110154 	-3.9514e-21 	5.60768e-07
0.069565 	-911.074 	63.851 	22.9486 	-1.25854e-20 	0.0101692 	0.0142871 	1.25093e-20 	-0.0101688 	4.23433e-21 	-3.34711e-07
0.0708701 	-926.405 	63.1804 	23.3585 	1.31119e-20 	0.00959944 	0.0163584 	-1.18279e-20 	-0.00960036 	-4.42707e-21 	9.1797e-07
0.0721916 	-941.679 	62.4286 	23.7562 	3.16171e-23 	0.00922837 	0.0186367 	-1.56644e-22 	-0.00922784 	1.87777e-23 	-5.31992e-07
0.0735298 	-957.123 	61.5665 	24.1444 	4.23165e-22 	0.009188 	0.0210478 	7.08257e-23 	-0.00918899 	-8.19084e-23 	9.861e-07
0.074885 	-972.55 	60.5989 	24.5492 	-1.55045e-23 	0.00930401 	0.0231799 	-1.48478e-22 	-0.00930344 	2.14156e-23 	-5.74366e-07
0.0762574 	-988.243 	59.5449 	24.9572 	-1.35472e-20 	0.00935576 	0.0251276 	1.11143e-20 	-0.0093563 	4.40791e-21 	5.36436e-07
0.0776475 	-1004.01 	58.4066 	25.3772 	-1.43092e-20 	0.00947426 	0.0265924 	1.02924e-20 	-0.00947368 	4.27358e-21 	-5.83489e-07
0.0790555 	-1019.84 	57.2255 	25.8061 	1.46712e-20 	0.00911761 	0.0273292 	-9.82683e-21 	-0.00911719 	-4.54066e-21 	-4.21195e-07
0.0804818 	-1035.21 	56.0201 	26.2041 	1.43054e-20 	0.00790265 	0.0276736 	-1.07478e-20 	-0.00790284 	-4.27584e-21 	1.81992e-07
0.0819266 	-1049.22 	54.7913 	26.533 	-1.4707e-20 	0.00550241 	0.0279567 	9.83827e-21 	-0.00550245 	4.46671e-21 	4.28607e-08
0.0834199 	-1060.74 	53.5184 	26.7181 	3.43561e-33 	0.00176926 	0.0290145 	4.33394e-22 	-0.00177028 	3.87615e-24 	1.01437e-06
0.0849135 	-1068.36 	52.1585 	26.7001 	-1.57e-20 	-0.002801 	0.0312096 	8.69862e-21 	0.00279959 	4.26715e-21 	1.40361e-06
0.0864085 	-1071.21 	50.6644 	26.45 	4.29919e-22 	-0.00792882 	0.0346118 	4.90835e-23 	0.00792562 	-2.43984e-22 	3.19824e-06
0.0879061 	-1069.11 	48.9541 	25.9403 	3.28414e-20 	-0.0132217 	0.0403555 	-1.57928e-20 	0.0132181 	-8.30674e-21 	3.6545e-06
0.0894074 	-1063.91 	47.0967 	25.2365 	-6.29876e-21 	-0.0168763 	0.0472721 	2.42808e-21 	0.0168812 	1.56357e-21 	-4.92076e-06
0.0905238 	-1058.98 	45.2981 	24.546 	1.24669e-21 	-0.0176438 	0.0524434 	-1.14532e-21 	0.0176498 	2.57675e-22 	-6.00835e-06
0.0915904 	-1055.38 	43.5428 	23.9532 	-2.80412e-20 	-0.0172646 	0.0556964 	1.1257e-20 	0.0172602 	5.94297e-21 	4.34446e-06
0.0926094 	-1051.66 	41.7681 	23.3932 	-2.39859e-20 	-0.0171584 	0.0588547 	8.97691e-21 	0.0171582 	4.93364e-21 	1.19395e-07
0.0935829 	-1047.86 	39.9841 	22.8584 	2.82159e-20 	-0.0181896 	0.0635501 	-1.11191e-20 	0.0181887 	-5.93821e-21 	8.44592e-07
0.094513 	-1043.81 	38.2162 	22.2874 	6.80646e-33 	-0.0217739 	0.0703225 	2.32115e-21 	0.0217723 	2.31655e-22 	1.53678e-06
0.0954015 	-1039.25 	36.5297 	21.5974 	0 	-0.0268086 	0.0793825 	-6.14092e-23 	0.0268043 	3.63533e-22 	4.33751e-06
0.0962504 	-1033.91 	34.878 	20.8029 	-3.8621e-20 	-0.0333669 	0.0900263 	1.05818e-20 	0.0333688 	5.66317e-21 	-1.87932e-06
0.0970614 	-1027.91 	33.3015 	19.8339 	2.43996e-20 	-0.0419067 	0.100291 	-5.46039e-21 	0.0419046 	-4.29697e-21 	2.10322e-06
0.0978362 	-1021.04 	31.8319 	18.686 	6.28247e-20 	-0.0468735 	0.108812 	-1.63806e-20 	0.0468709 	-8.76321e-21 	2.60564e-06
0.0985764 	-1013.22 	30.3073 	17.562 	-3.8498e-22 	-0.0482142 	0.115483 	4.80185e-22 	0.0482162 	1.32083e-21 	-2.00447e-06
0.0992835 	-1004.79 	28.7325 	16.4536 	-2.73504e-20 	-0.0520602 	0.1201 	4.53904e-21 	0.0520624 	3.90663e-21 	-2.18331e-06
0.0999591 	-995.877 	27.2109 	15.2637 	-5.64458e-20 	-0.0542875 	0.121795 	1.00138e-20 	0.0542882 	5.06988e-21 	-6.95801e-07
0.100605 	-986.602 	25.631 	14.1567 	3.50775e-20 	-0.0479726 	0.121547 	-4.95524e-21 	0.0479699 	-3.17082e-21 	2.7077e-06
0.101221 	-977.061 	23.8175 	13.3161 	-6.89672e-21 	-0.0377622 	0.121509 	1.94059e-21 	0.0377605 	5.45481e-22 	1.62348e-06
0.10181 	-967.564 	21.7977 	12.6915 	-3.10751e-20 	-0.0329267 	0.121839 	6.80199e-21 	0.0329244 	9.41256e-22 	2.30654e-06
