0 	-576.645 	0 	0 	0 	0.0251632 	1.86684 	-3.22869e-24 	-0.00065078 	2.01753e-23 	-0.0245125
3.01846e-06 	-576.645 	-0.177415 	7.74446e-06 	9.73084e-25 	-0.000185179 	1.36794 	-3.16783e-26 	0.000173219 	-2.37954e-23 	1.19596e-05
6.15708e-06 	-576.646 	-0.531348 	-3.29666e-05 	9.42528e-24 	-0.000864111 	1.79087 	2.36005e-24 	0.000854054 	4.32503e-23 	1.00569e-05
9.42094e-06 	-576.646 	-0.895353 	-0.000165172 	-1.78295e-23 	-0.00156175 	1.76535 	-4.98213e-24 	0.00157296 	-3.86932e-23 	-1.12121e-05
1.28154e-05 	-576.646 	-1.27079 	-0.000367409 	2.85889e-23 	-0.00222515 	1.74711 	1.27871e-23 	0.00222389 	-8.42251e-23 	1.26086e-06
1.63459e-05 	-576.647 	-1.65895 	-0.00065398 	1.67034e-23 	-0.00290138 	1.73473 	5.33246e-24 	0.00290088 	1.42548e-22 	4.91674e-07
2.00183e-05 	-576.647 	-2.06101 	-0.00103119 	-3.81396e-23 	-0.00357653 	1.72696 	-1.47776e-23 	0.00357636 	-1.23594e-22 	1.73943e-07
2.38386e-05 	-576.647 	-2.47794 	-0.00150517 	8.22358e-23 	-0.00424997 	1.72274 	4.67297e-23 	0.00424977 	-4.19686e-22 	1.98218e-07
2.78132e-05 	-576.648 	-2.91034 	-0.00208197 	1.6731e-22 	-0.00492037 	1.72121 	1.05179e-22 	0.00492016 	3.12473e-22 	2.15285e-07
3.19486e-05 	-576.648 	-3.35833 	-0.00276666 	-9.02478e-23 	-0.00558498 	1.72172 	-4.24781e-23 	0.00558474 	6.59453e-22 	2.35202e-07
3.62517e-05 	-576.648 	-3.82123 	-0.00356234 	-1.75322e-22 	-0.00624001 	1.72387 	-1.00856e-22 	0.00623973 	-1.49777e-22 	2.79784e-07
4.07299e-05 	-576.648 	-4.29747 	-0.00446912 	0 	-0.00688104 	1.72741 	-6.42314e-26 	0.00688071 	-3.20494e-22 	3.26885e-07
4.53905e-05 	-576.649 	-4.78471 	-0.00548368 	-1.29753e-24 	-0.00750317 	1.73195 	-1.61117e-23 	0.00750282 	1.56021e-25 	3.54316e-07
5.02415e-05 	-576.649 	-5.28023 	-0.00659987 	-2.74536e-25 	-0.00810149 	1.73683 	1.32785e-23 	0.00810112 	6.28695e-22 	3.6742e-07
5.5291e-05 	-576.649 	-5.78149 	-0.00781008 	-3.73131e-22 	-0.00867205 	1.74123 	-3.1545e-22 	0.00867167 	2.78661e-23 	3.79366e-07
6.05478e-05 	-576.649 	-6.28637 	-0.00910676 	2.63263e-25 	-0.00921296 	1.74434 	-1.38095e-23 	0.00921257 	-3.10265e-23 	3.90278e-07
6.60207e-05 	-576.649 	-6.79334 	-0.0104834 	-3.73094e-22 	-0.00972504 	1.7455 	-3.96758e-22 	0.00972464 	1.2903e-21 	3.99209e-07
7.17192e-05 	-576.649 	-7.30132 	-0.0119353 	-7.48535e-22 	-0.0102117 	1.7442 	-8.50344e-22 	0.0102113 	-1.84764e-21 	4.11185e-07
7.76531e-05 	-576.649 	-7.80959 	-0.0134594 	7.47454e-22 	-0.0106784 	1.73999 	7.23377e-22 	0.010678 	-2.62398e-21 	4.28999e-07
8.38327e-05 	-576.648 	-8.31763 	-0.015055 	7.48478e-22 	-0.0111317 	1.73249 	8.4634e-22 	0.0111313 	1.24419e-21 	4.5352e-07
9.02687e-05 	-576.648 	-8.82507 	-0.0167231 	-1.98674e-35 	-0.0115791 	1.72143 	8.14149e-25 	0.0115786 	3.79418e-21 	4.84122e-07
9.69723e-05 	-576.648 	-9.33158 	-0.0184665 	-1.50543e-21 	-0.0120278 	1.70658 	-1.92755e-21 	0.0120273 	-2.38114e-21 	5.29698e-07
0.000103955 	-576.648 	-9.83688 	-0.0202902 	1.52127e-21 	-0.0124849 	1.68777 	2.05555e-21 	0.0124843 	-5.14151e-21 	5.73522e-07
0.00011123 	-576.647 	-10.3407 	-0.0222006 	1.5029e-21 	-0.0129567 	1.66489 	1.93077e-21 	0.0129561 	4.90225e-21 	6.07271e-07
0.000118809 	-576.647 	-10.8427 	-0.0242061 	-1.5238e-21 	-0.0134488 	1.63788 	-2.05449e-21 	0.0134481 	1.86333e-22 	6.67262e-07
0.000126706 	-576.646 	-11.3426 	-0.0263166 	1.55283e-21 	-0.0139653 	1.60676 	2.20741e-21 	0.0139645 	-2.62603e-21 	7.35124e-07
0.000134935 	-576.646 	-11.8401 	-0.0285435 	-1.87812e-23 	-0.014509 	1.57158 	4.5126e-23 	0.0145083 	4.94038e-21 	7.80961e-07
0.000143511 	-576.645 	-12.3348 	-0.0309001 	-1.57161e-21 	-0.0150813 	1.53241 	-2.16497e-21 	0.0150805 	8.34702e-23 	8.52865e-07
0.000152448 	-576.645 	-12.8263 	-0.0334008 	1.5011e-23 	-0.0156822 	1.48939 	3.84837e-22 	0.0156813 	-2.46604e-21 	9.34667e-07
0.000161764 	-576.644 	-13.3142 	-0.0360614 	-1.31526e-24 	-0.0163101 	1.44274 	-9.00188e-24 	0.0163091 	2.98191e-23 	9.86239e-07
0.000171474 	-576.643 	-13.7981 	-0.0388994 	1.30945e-24 	-0.0169614 	1.39261 	1.40485e-23 	0.0169603 	4.77691e-21 	1.06593e-06
0.000181598 	-576.642 	-14.2774 	-0.0419334 	-3.42488e-21 	-0.0176309 	1.33924 	-4.75553e-21 	0.0176297 	2.51703e-22 	1.15637e-06
0.000192152 	-576.641 	-14.7516 	-0.0451838 	5.76018e-23 	-0.0183115 	1.28291 	-5.91673e-22 	0.0183103 	-1.41325e-20 	1.23266e-06
0.000203156 	-576.64 	-15.2203 	-0.0486721 	7.1057e-21 	-0.0189943 	1.2239 	9.71219e-21 	0.018993 	-5.02068e-22 	1.31182e-06
0.00021463 	-576.639 	-15.6829 	-0.052421 	-9.30931e-23 	-0.0196682 	1.16254 	1.95522e-22 	0.0196667 	1.39005e-20 	1.4373e-06
0.000226596 	-576.637 	-16.1389 	-0.0564542 	-3.74583e-21 	-0.02032 	1.09918 	-5.8681e-21 	0.0203184 	2.57916e-22 	1.6722e-06
0.000239075 	-576.636 	-16.5875 	-0.0607964 	2.37244e-24 	-0.0209378 	1.03418 	-4.32105e-22 	0.0209361 	-1.35394e-20 	1.65788e-06
0.000252091 	-576.634 	-17.0283 	-0.065474 	8.10452e-21 	-0.0215128 	0.967965 	1.05797e-20 	0.0215116 	-9.28757e-21 	1.26641e-06
0.000265667 	-576.631 	-17.4605 	-0.070516 	8.05496e-21 	-0.0220341 	0.900986 	1.07739e-20 	0.0220323 	1.67895e-20 	1.79995e-06
0.000279829 	-576.629 	-17.8834 	-0.0759511 	-8.63924e-21 	-0.0224805 	0.833669 	-9.18497e-21 	0.0224781 	1.73521e-20 	2.45657e-06
0.000294604 	-576.626 	-18.2963 	-0.0818091 	-8.57719e-21 	-0.0228278 	0.766201 	-8.42688e-21 	0.0228259 	-7.72681e-21 	1.86578e-06
0.000310019 	-576.623 	-18.6985 	-0.0881214 	6.20157e-23 	-0.0230732 	0.699158 	4.62048e-22 	0.0230713 	-2.37807e-20 	1.8074e-06
0.000326103 	-576.62 	-19.0889 	-0.0949202 	1.89741e-20 	-0.023211 	0.633221 	1.50822e-20 	0.0232088 	-1.10554e-21 	2.26135e-06
0.000342887 	-576.616 	-19.4667 	-0.102238 	-6.48235e-22 	-0.0232208 	0.568764 	1.13808e-21 	0.0232185 	2.94775e-20 	2.2985e-06
0.000360402 	-576.612 	-19.8306 	-0.110104 	-1.96223e-20 	-0.0230915 	0.506294 	-1.59221e-20 	0.0230892 	1.18527e-21 	2.3352e-06
0.000378681 	-576.608 	-20.1797 	-0.118547 	0 	-0.022818 	0.446276 	-6.55812e-24 	0.0228156 	-4.4671e-22 	2.38708e-06
0.00039776 	-576.603 	-20.5124 	-0.12759 	-2.15484e-20 	-0.0224012 	0.389142 	-1.15923e-20 	0.0223987 	1.24326e-21 	2.41717e-06
0.000417674 	-576.597 	-20.8273 	-0.137252 	5.74905e-22 	-0.0218498 	0.335275 	-1.04846e-21 	0.0218474 	-7.30771e-22 	2.41408e-06
0.000438463 	-576.591 	-21.1225 	-0.147542 	-2.29931e-20 	-0.0211824 	0.284988 	-9.24521e-21 	0.02118 	-9.41815e-21 	2.3753e-06
0.000460165 	-576.585 	-21.3958 	-0.158463 	2.38365e-20 	-0.0204282 	0.238508 	8.09928e-21 	0.0204259 	-4.173e-20 	2.30826e-06
0.000482824 	-576.578 	-21.6448 	-0.170004 	6.88423e-20 	-0.0196261 	0.195973 	2.73717e-20 	0.0196239 	6.74512e-21 	2.23144e-06
0.000506482 	-576.571 	-21.8666 	-0.182145 	-1.10858e-22 	-0.0188213 	0.157425 	-6.06644e-22 	0.0188191 	3.6136e-20 	2.16899e-06
0.000531185 	-576.563 	-22.0584 	-0.194858 	-2.35203e-20 	-0.018059 	0.122825 	-9.35618e-21 	0.0180569 	8.59622e-21 	2.14245e-06
0.000556982 	-576.554 	-22.2178 	-0.208113 	-2.33869e-20 	-0.0173769 	0.0920719 	-7.28753e-21 	0.0173748 	-7.06709e-21 	2.15634e-06
0.000583924 	-576.545 	-22.343 	-0.221885 	1.33095e-22 	-0.0167981 	0.0650306 	2.91558e-21 	0.0167959 	-2.02894e-20 	2.20345e-06
0.000612061 	-576.535 	-22.4334 	-0.236158 	4.53652e-20 	-0.0163288 	0.0415447 	1.19174e-20 	0.0163265 	-1.38557e-21 	2.26807e-06
0.000641451 	-576.524 	-22.4895 	-0.250931 	7.66951e-22 	-0.0159607 	0.0214352 	-6.22187e-22 	0.0159584 	2.38982e-20 	2.30929e-06
0.000672151 	-576.512 	-22.5131 	-0.266214 	-4.45982e-20 	-0.0156786 	0.00448691 	-1.13143e-20 	0.0156763 	1.15506e-21 	2.30785e-06
0.00070422 	-576.499 	-22.5066 	-0.28203 	0 	-0.0154679 	-0.00956685 	1.22027e-21 	0.0154657 	-2.08439e-20 	2.28737e-06
0.000737724 	-576.484 	-22.4729 	-0.298407 	4.19477e-20 	-0.0153154 	-0.0210447 	1.10581e-20 	0.0153131 	-8.99087e-22 	2.26805e-06
0.000772728 	-576.468 	-22.4148 	-0.315384 	9.5627e-22 	-0.015209 	-0.0302958 	-6.39955e-22 	0.0152067 	2.6608e-20 	2.29811e-06
0.000809301 	-576.45 	-22.3352 	-0.332999 	-8.10228e-20 	-0.0151334 	-0.0376565 	-1.97875e-20 	0.015131 	-2.99313e-20 	2.3241e-06
0.000847518 	-576.431 	-22.2365 	-0.351298 	1.55312e-19 	-0.0150763 	-0.0434269 	3.46857e-20 	0.015074 	-2.74043e-20 	2.2966e-06
0.000887453 	-576.409 	-22.1208 	-0.370332 	4.28435e-20 	-0.0150329 	-0.047857 	1.05012e-20 	0.0150306 	7.27379e-20 	2.31164e-06
0.000929188 	-576.385 	-21.99 	-0.390154 	-2.26869e-19 	-0.0149987 	-0.0511354 	-4.55464e-20 	0.0149965 	2.43466e-20 	2.29545e-06
0.000972806 	-576.359 	-21.8458 	-0.410825 	-7.43776e-20 	-0.0149754 	-0.0534283 	-1.77491e-20 	0.0149731 	-4.1161e-20 	2.26021e-06
0.00101839 	-576.331 	-21.6898 	-0.43241 	-3.63875e-24 	-0.0149666 	-0.0548928 	1.93446e-21 	0.0149643 	-3.55031e-20 	2.29128e-06
0.00106605 	-576.3 	-21.5236 	-0.454977 	1.37791e-19 	-0.0149708 	-0.055675 	3.07907e-20 	0.0149686 	-1.23598e-20 	2.22541e-06
0.00111586 	-576.266 	-21.3483 	-0.478599 	7.06919e-20 	-0.0149869 	-0.0559342 	1.00218e-20 	0.0149846 	3.14709e-20 	2.35425e-06
0.00116793 	-576.228 	-21.1648 	-0.503345 	-6.70934e-20 	-0.0150141 	-0.0558449 	-1.44189e-20 	0.0150121 	2.0562e-20 	2.00539e-06
0.00122237 	-576.188 	-20.9737 	-0.529295 	-6.34277e-20 	-0.0150433 	-0.0556132 	-1.1377e-20 	0.0150413 	-1.73786e-20 	1.9624e-06
0.00127928 	-576.143 	-20.7747 	-0.556488 	5.87844e-20 	-0.0150642 	-0.0553588 	8.15306e-21 	0.0150616 	-9.91058e-21 	2.56023e-06
0.00133879 	-576.094 	-20.5677 	-0.584965 	4.43146e-21 	-0.0150863 	-0.0550381 	-2.2815e-21 	0.015084 	1.53578e-20 	2.35777e-06
0.00140102 	-576.041 	-20.3527 	-0.614818 	-6.10007e-20 	-0.0151174 	-0.054657 	-9.00532e-21 	0.0151153 	-5.71188e-21 	2.05502e-06
0.00146609 	-575.982 	-20.1294 	-0.646119 	5.67812e-20 	-0.0151508 	-0.0543132 	1.28922e-20 	0.0151487 	-7.85467e-21 	2.10548e-06
0.00153413 	-575.918 	-19.8972 	-0.678944 	0 	-0.0151852 	-0.0540698 	8.9605e-23 	0.0151831 	6.6971e-21 	2.07136e-06
0.0016053 	-575.848 	-19.6552 	-0.713372 	0 	-0.0152198 	-0.0539476 	-3.25404e-22 	0.0152178 	-2.03705e-20 	2.00276e-06
0.00167972 	-575.772 	-19.4024 	-0.749478 	1.97456e-19 	-0.0152537 	-0.0539484 	2.71821e-20 	0.0152517 	8.17319e-21 	1.99922e-06
0.00175757 	-575.689 	-19.1377 	-0.787342 	-8.87871e-20 	-0.0152864 	-0.054066 	-1.19397e-20 	0.0152845 	5.61676e-20 	1.94708e-06
0.001839 	-575.599 	-18.86 	-0.827046 	-3.78717e-19 	-0.0153176 	-0.05429 	-5.29871e-20 	0.0153157 	4.13683e-22 	1.92049e-06
0.00192417 	-575.502 	-18.568 	-0.868676 	-9.24394e-20 	-0.0153471 	-0.0546091 	-1.37287e-20 	0.0153452 	-5.79586e-20 	1.88486e-06
0.00201327 	-575.397 	-18.2607 	-0.912319 	2.5997e-19 	-0.0153746 	-0.0550097 	3.84246e-20 	0.0153727 	-9.18819e-21 	1.85423e-06
0.00210649 	-575.283 	-17.9367 	-0.958069 	7.74904e-21 	-0.0153996 	-0.055477 	5.75596e-21 	0.0153977 	3.55269e-20 	1.82311e-06
0.00220401 	-575.16 	-17.5947 	-1.00602 	-1.70327e-19 	-0.0154232 	-0.0559993 	-2.75037e-20 	0.0154215 	-5.54734e-21 	1.78751e-06
0.00230604 	-575.029 	-17.2334 	-1.05629 	8.18819e-20 	-0.0154472 	-0.0565615 	5.8609e-21 	0.0154455 	-7.8221e-21 	1.75584e-06
0.0024128 	-574.888 	-16.8517 	-1.10897 	-7.74859e-20 	-0.0154717 	-0.0571321 	-6.16712e-21 	0.01547 	9.29875e-22 	1.72501e-06
0.00252451 	-574.737 	-16.4485 	-1.1642 	7.35353e-20 	-0.015498 	-0.0576612 	1.50616e-20 	0.0154964 	-5.70334e-21 	1.67884e-06
0.00264141 	-574.576 	-16.023 	-1.22211 	3.75509e-21 	-0.0155299 	-0.058084 	-2.84838e-21 	0.0155282 	-3.91568e-21 	1.65472e-06
0.00276374 	-574.406 	-15.5754 	-1.28286 	1.41078e-19 	-0.0155706 	-0.0583308 	1.29756e-20 	0.015569 	-1.65163e-20 	1.59805e-06
0.00289176 	-574.225 	-15.106 	-1.34663 	2.88854e-19 	-0.0156266 	-0.0583536 	3.31012e-20 	0.015625 	1.78948e-21 	1.62457e-06
0.00302574 	-574.035 	-14.6159 	-1.41367 	1.39299e-19 	-0.0157164 	-0.0580983 	3.99241e-21 	0.0157149 	3.28325e-20 	1.51225e-06
0.00316598 	-573.836 	-14.107 	-1.48436 	-2.7242e-19 	-0.0158692 	-0.0574197 	-1.82035e-20 	0.0158676 	1.41888e-20 	1.65301e-06
0.00331275 	-573.627 	-13.5836 	-1.55927 	-1.40556e-19 	-0.0161078 	-0.0561926 	-1.44988e-20 	0.0161066 	-2.8857e-20 	1.20187e-06
0.00346638 	-573.411 	-13.051 	-1.63911 	2.70628e-19 	-0.0164011 	-0.0546877 	1.25463e-20 	0.016399 	3.04441e-22 	2.12241e-06
0.0036272 	-573.187 	-12.5093 	-1.72422 	-1.32273e-19 	-0.0166614 	-0.0536521 	-4.41751e-21 	0.0166619 	2.47285e-20 	-5.63443e-07
0.00379555 	-572.959 	-11.9485 	-1.8146 	-2.61074e-19 	-0.0168121 	-0.0535018 	-1.71172e-20 	0.0168127 	-1.05518e-20 	-6.16956e-07
0.00397179 	-572.737 	-11.3929 	-1.9041 	2.79211e-20 	-0.0168886 	-0.0534538 	1.26751e-21 	0.0168832 	-2.80795e-20 	5.44646e-06
0.00411556 	-572.534 	-10.8914 	-1.98572 	3.19192e-19 	-0.0169994 	-0.05276 	1.81163e-20 	0.0169967 	-1.9431e-21 	2.74727e-06
0.00425579 	-572.345 	-10.4351 	-2.06233 	1.61381e-19 	-0.0171501 	-0.0519252 	1.47074e-20 	0.01715 	1.99731e-20 	1.3365e-07
0.00439265 	-572.164 	-9.99578 	-2.13773 	-1.06601e-21 	-0.0173079 	-0.0513134 	6.3357e-21 	0.0173061 	4.12376e-20 	1.74486e-06
0.00452634 	-571.991 	-9.57173 	-2.21208 	-5.40656e-19 	-0.0174803 	-0.0506669 	-1.8976e-20 	0.0174785 	2.47256e-20 	1.79576e-06
0.004657 	-571.826 	-9.1634 	-2.2855 	-5.38075e-19 	-0.0176801 	-0.049859 	-4.25412e-20 	0.0176781 	-1.11063e-19 	1.91195e-06
0.0047848 	-571.668 	-8.77144 	-2.35822 	1.15023e-18 	-0.0179554 	-0.0487231 	4.94471e-20 	0.0179534 	-1.35966e-20 	1.94486e-06
0.00490992 	-571.517 	-8.39889 	-2.43071 	-3.21335e-20 	-0.0183948 	-0.04693 	-6.43971e-21 	0.0183928 	9.47957e-20 	2.03248e-06
0.00503249 	-571.374 	-8.05142 	-2.50388 	-3.76201e-19 	-0.0190884 	-0.0442212 	-1.96191e-20 	0.0190864 	-6.03796e-20 	2.0201e-06
0.00515267 	-571.238 	-7.73569 	-2.57881 	8.07569e-19 	-0.0200209 	-0.0407617 	4.31138e-20 	0.0200189 	1.61131e-20 	1.99581e-06
0.00527061 	-571.109 	-7.45426 	-2.65621 	-4.17474e-19 	-0.0209879 	-0.0373671 	-2.171e-20 	0.020986 	1.04477e-19 	1.89491e-06
0.00538646 	-570.988 	-7.20104 	-2.73556 	-8.48646e-19 	-0.0216969 	-0.0350818 	-6.41821e-21 	0.0216951 	-4.18123e-20 	1.86423e-06
0.00550035 	-570.874 	-6.96318 	-2.81541 	5.49778e-21 	-0.0220245 	-0.0342944 	1.83383e-20 	0.0220225 	-1.19168e-19 	1.95019e-06
0.00561242 	-570.767 	-6.72967 	-2.89448 	8.70629e-19 	-0.0221358 	-0.0343859 	2.20674e-21 	0.0221337 	1.51842e-20 	2.07054e-06
0.00572281 	-570.667 	-6.49767 	-2.97263 	-4.94534e-21 	-0.022286 	-0.0344355 	-3.30913e-20 	0.0222839 	9.33848e-20 	2.10403e-06
0.00583165 	-570.573 	-6.26998 	-3.05046 	-4.42758e-19 	-0.0225535 	-0.0341034 	-1.42217e-20 	0.0225514 	-7.82481e-21 	2.09035e-06
0.00593907 	-570.486 	-6.04861 	-3.12837 	3.28306e-34 	-0.0228564 	-0.0336284 	1.1124e-20 	0.0228544 	-3.20825e-20 	2.05208e-06
0.00604519 	-570.406 	-5.83283 	-3.20635 	3.58579e-32 	-0.0231435 	-0.0332303 	2.61337e-21 	0.0231415 	3.38638e-20 	2.04225e-06
0.00615014 	-570.331 	-5.62162 	-3.28444 	-4.5223e-19 	-0.0234382 	-0.032885 	8.48736e-22 	0.0234361 	-8.75853e-21 	2.05144e-06
0.00625405 	-570.263 	-5.41471 	-3.36279 	2.59112e-21 	-0.0237549 	-0.0325412 	6.4855e-21 	0.0237529 	-1.0336e-19 	2.05303e-06
0.00635702 	-570.201 	-5.21181 	-3.44151 	9.11796e-19 	-0.0240816 	-0.0322214 	2.74943e-20 	0.0240796 	5.3522e-20 	2.04428e-06
0.00645919 	-570.146 	-5.01234 	-3.52071 	-4.66283e-19 	-0.0244155 	-0.0319448 	9.41474e-21 	0.0244135 	9.58145e-20 	2.03527e-06
0.00656066 	-570.097 	-4.81577 	-3.60048 	-4.57196e-19 	-0.0247617 	-0.0317096 	-4.48959e-20 	0.0247596 	-8.09662e-20 	2.02907e-06
0.00666156 	-570.055 	-4.6216 	-3.68095 	4.66041e-19 	-0.0251195 	-0.0315198 	-4.83134e-21 	0.0251174 	-2.63278e-20 	2.02289e-06
0.00676199 	-570.02 	-4.42927 	-3.76223 	3.71764e-32 	-0.0254883 	-0.0313787 	7.87008e-21 	0.0254863 	1.09032e-19 	2.01118e-06
0.00686207 	-569.993 	-4.23826 	-3.84442 	-9.31529e-19 	-0.0258695 	-0.0312859 	-1.64946e-20 	0.0258675 	1.73064e-20 	1.99755e-06
0.00696191 	-569.973 	-4.04804 	-3.92767 	-4.68482e-19 	-0.0262631 	-0.0312414 	6.17921e-21 	0.0262611 	-1.92619e-19 	1.98287e-06
0.00706162 	-569.962 	-3.85809 	-4.01209 	1.40186e-18 	-0.0266684 	-0.0312439 	5.66938e-21 	0.0266665 	-8.11476e-20 	1.96497e-06
0.0071613 	-569.959 	-3.66793 	-4.09781 	9.3878e-19 	-0.0270855 	-0.0312906 	-1.44452e-20 	0.0270836 	1.66371e-19 	1.9485e-06
0.00726107 	-569.965 	-3.47707 	-4.18496 	-4.69188e-19 	-0.0275146 	-0.0313792 	1.08499e-20 	0.0275127 	6.38351e-20 	1.91229e-06
0.00736103 	-569.982 	-3.28505 	-4.27368 	-3.16079e-22 	-0.0279552 	-0.0315061 	7.81468e-21 	0.0279533 	-7.28058e-20 	1.88262e-06
0.00746129 	-570.009 	-3.09144 	-4.3641 	4.68878e-19 	-0.0284068 	-0.0316666 	-6.65735e-21 	0.0284048 	1.04478e-20 	1.98624e-06
0.00756196 	-570.048 	-2.89583 	-4.45636 	6.3875e-23 	-0.0288693 	-0.0318547 	3.75581e-21 	0.0288675 	7.28156e-20 	1.73534e-06
0.00766314 	-570.099 	-2.69785 	-4.55061 	-4.67113e-19 	-0.0293419 	-0.0320635 	1.12927e-20 	0.0293407 	6.12389e-20 	1.22628e-06
0.00776493 	-570.164 	-2.49717 	-4.64701 	-9.33634e-19 	-0.0298208 	-0.0322868 	1.43222e-20 	0.0298169 	-5.68296e-20 	3.9527e-06
0.00786745 	-570.244 	-2.2935 	-4.74563 	-8.12054e-22 	-0.0303139 	-0.0325164 	4.51369e-21 	0.0303122 	-1.40938e-19 	1.7559e-06
0.00797079 	-570.34 	-2.08659 	-4.84679 	9.23195e-19 	-0.030831 	-0.032731 	-4.78238e-21 	0.0308482 	2.05999e-20 	-1.71432e-05
0.00807507 	-570.455 	-1.8764 	-4.95082 	1.02837e-20 	-0.0313023 	-0.0327904 	-9.36681e-21 	0.0313023 	6.41987e-20 	-6.05498e-08
0.00818039 	-570.574 	-1.67047 	-5.05394 	2.01991e-20 	-0.0316969 	-0.0323022 	4.2158e-20 	0.0316682 	3.22548e-21 	2.86609e-05
0.00827522 	-570.679 	-1.48053 	-5.15294 	7.78842e-21 	-0.0320995 	-0.031439 	3.2715e-21 	0.0320956 	4.35765e-20 	3.8309e-06
0.00836899 	-570.78 	-1.3023 	-5.25007 	-4.59693e-19 	-0.0325338 	-0.030892 	-4.32243e-20 	0.0325422 	2.50989e-20 	-8.35574e-06
0.00846175 	-570.885 	-1.12753 	-5.34732 	-4.56867e-19 	-0.0329852 	-0.0306013 	-3.05902e-21 	0.0329842 	-1.41686e-20 	1.01917e-06
0.00855352 	-570.996 	-0.956413 	-5.44493 	-4.64136e-19 	-0.0334488 	-0.0302696 	-1.98665e-20 	0.0334471 	-9.32954e-20 	1.67909e-06
0.00864435 	-571.112 	-0.789012 	-5.54285 	4.52746e-19 	-0.0339152 	-0.0298999 	-1.52231e-21 	0.0339125 	-6.41874e-20 	2.74251e-06
0.00873427 	-571.233 	-0.625487 	-5.64116 	4.59983e-19 	-0.0343863 	-0.0294846 	1.53686e-20 	0.0343852 	1.53177e-20 	1.03352e-06
0.00882332 	-571.359 	-0.465951 	-5.73987 	4.48112e-19 	-0.0348623 	-0.0290278 	1.68243e-20 	0.0348643 	5.67328e-20 	-1.98913e-06
0.00891151 	-571.491 	-0.310532 	-5.83902 	2.85709e-21 	-0.0353338 	-0.028536 	1.21996e-20 	0.0353365 	9.93336e-20 	-2.75674e-06
0.00899889 	-571.627 	-0.159298 	-5.93853 	-6.67402e-19 	-0.0357875 	-0.0280035 	-1.50306e-20 	0.0357871 	-4.47549e-20 	3.28524e-07
0.00908548 	-571.765 	-0.0124757 	-6.03837 	2.12269e-19 	-0.0362137 	-0.0274203 	-1.65876e-20 	0.0362098 	-5.17578e-20 	3.84839e-06
0.00917132 	-571.9 	0.129742 	-6.13843 	9.51401e-21 	-0.0366061 	-0.0267921 	1.58488e-20 	0.0366 	5.78839e-20 	6.08209e-06
0.00925643 	-572.032 	0.267227 	-6.23866 	-4.24914e-19 	-0.0369757 	-0.0261271 	1.52404e-20 	0.0369701 	1.74062e-21 	5.63825e-06
0.00934083 	-572.157 	0.399901 	-6.33906 	-2.06919e-19 	-0.0373286 	-0.0254425 	-1.33313e-20 	0.0373249 	-4.83214e-20 	3.66585e-06
0.00942455 	-572.277 	0.527854 	-6.43958 	-7.33567e-21 	-0.0376671 	-0.0247535 	-2.13757e-20 	0.0376648 	-5.71464e-20 	2.27901e-06
0.00950762 	-572.391 	0.65119 	-6.54021 	3.98325e-19 	-0.0379946 	-0.0240621 	-2.65898e-21 	0.0379929 	-2.02829e-22 	1.67714e-06
0.00959006 	-572.499 	0.770023 	-6.64093 	1.98786e-19 	-0.0383091 	-0.02337 	7.09979e-21 	0.0383076 	4.75347e-20 	1.49802e-06
0.0096719 	-572.602 	0.884472 	-6.74171 	0 	-0.038609 	-0.022679 	8.04084e-22 	0.0386076 	1.92666e-20 	1.48457e-06
0.00975315 	-572.7 	0.994661 	-6.84253 	-2.95747e-21 	-0.0388943 	-0.02199 	-6.05146e-21 	0.0388928 	-8.4801e-23 	1.47698e-06
0.00983383 	-572.792 	1.10071 	-6.94338 	-3.976e-23 	-0.0391659 	-0.0213024 	-2.24701e-22 	0.0391644 	-6.8624e-22 	1.46535e-06
0.00991397 	-572.879 	1.20272 	-7.04422 	2.92629e-21 	-0.0394256 	-0.0206142 	5.64953e-21 	0.0394241 	-1.75395e-20 	1.4475e-06
0.00999359 	-572.961 	1.30079 	-7.14506 	1.78872e-19 	-0.0396753 	-0.0199228 	3.5769e-21 	0.0396739 	1.14402e-20 	1.43427e-06
0.0100727 	-573.037 	1.39498 	-7.24588 	2.87703e-21 	-0.0399167 	-0.0192253 	6.03097e-21 	0.0399153 	1.78359e-20 	1.42538e-06
0.0101513 	-573.109 	1.48534 	-7.34667 	-2.71282e-21 	-0.0401509 	-0.0185189 	5.97659e-21 	0.0401495 	3.4298e-20 	1.42178e-06
0.0102295 	-573.175 	1.57192 	-7.44745 	-3.35814e-19 	-0.0403783 	-0.0178019 	3.89847e-22 	0.0403769 	-2.35324e-20 	1.42319e-06
0.0103072 	-573.236 	1.65473 	-7.5482 	-7.59721e-21 	-0.0405985 	-0.0170729 	-1.24307e-20 	0.0405971 	-5.03616e-20 	1.43036e-06
0.0103845 	-573.293 	1.7338 	-7.64892 	1.70156e-19 	-0.0408099 	-0.0163309 	3.35189e-21 	0.0408085 	4.42677e-20 	1.44347e-06
0.0104613 	-573.344 	1.80915 	-7.7496 	-3.28554e-19 	-0.0410106 	-0.0155755 	1.04498e-20 	0.0410091 	-2.41507e-20 	1.46392e-06
0.0105378 	-573.39 	1.88081 	-7.85022 	1.61051e-19 	-0.0411977 	-0.014806 	-4.7431e-21 	0.0411962 	-5.35266e-20 	1.49224e-06
0.0106138 	-573.432 	1.94878 	-7.95078 	3.17132e-19 	-0.0413682 	-0.014022 	-1.07843e-20 	0.0413667 	2.61715e-20 	1.52884e-06
0.0106895 	-573.469 	2.01308 	-8.05122 	1.56085e-19 	-0.0415183 	-0.0132238 	-1.10979e-20 	0.0415167 	6.22897e-20 	1.57358e-06
0.0107648 	-573.501 	2.07374 	-8.15152 	-1.5754e-19 	-0.0416439 	-0.0124122 	-5.69606e-21 	0.0416423 	3.42636e-20 	1.62658e-06
0.0108398 	-573.528 	2.13079 	-8.25162 	-3.01872e-19 	-0.0417401 	-0.0115892 	2.07843e-20 	0.0417384 	-2.7761e-20 	1.68808e-06
0.0109144 	-573.55 	2.18429 	-8.35147 	-1.49964e-19 	-0.0418003 	-0.0107577 	1.16917e-20 	0.0417986 	-6.0654e-20 	1.75763e-06
0.0109887 	-573.567 	2.2343 	-8.45097 	1.46203e-19 	-0.0418166 	-0.00992147 	-9.18907e-21 	0.0418148 	-1.76862e-20 	1.83501e-06
0.0110627 	-573.58 	2.28092 	-8.55004 	1.49038e-19 	-0.0417784 	-0.00908552 	-3.01609e-21 	0.0417764 	2.18292e-20 	1.92028e-06
0.0111364 	-573.588 	2.3243 	-8.64854 	7.13493e-20 	-0.0416724 	-0.00825646 	-3.61819e-21 	0.0416704 	3.04785e-20 	2.01302e-06
0.0112098 	-573.591 	2.36461 	-8.74632 	-6.96879e-20 	-0.0414829 	-0.00744348 	6.66946e-21 	0.0414808 	7.5751e-21 	2.11314e-06
0.011283 	-573.589 	2.40209 	-8.84317 	-6.98646e-20 	-0.041191 	-0.00665935 	1.05413e-20 	0.0411888 	-2.21397e-20 	2.22004e-06
0.0113558 	-573.582 	2.43707 	-8.93885 	6.97077e-20 	-0.0407749 	-0.0059213 	-8.39452e-21 	0.0407726 	1.7208e-22 	2.33333e-06
0.0114284 	-573.569 	2.46999 	-9.03306 	-1.46465e-21 	-0.0402094 	-0.00525156 	-6.27261e-21 	0.0402069 	1.49222e-20 	2.45337e-06
0.0115008 	-573.552 	2.50141 	-9.12545 	-6.89739e-20 	-0.0394656 	-0.00467759 	4.04842e-21 	0.039463 	-7.92446e-21 	2.57985e-06
0.0115729 	-573.529 	2.53204 	-9.21559 	-6.6857e-22 	-0.038511 	-0.00423209 	1.52536e-21 	0.0385083 	-2.22764e-20 	2.71295e-06
0.0116447 	-573.5 	2.56279 	-9.30297 	1.3597e-19 	-0.0373102 	-0.00395287 	-4.04943e-21 	0.0373073 	1.56854e-20 	2.85352e-06
0.0117164 	-573.465 	2.59475 	-9.38703 	6.0372e-22 	-0.0358259 	-0.0038828 	-1.54401e-21 	0.0358229 	2.21627e-20 	3.00217e-06
0.0117878 	-573.423 	2.62921 	-9.46709 	-6.70608e-20 	-0.0340221 	-0.00406939 	1.87609e-21 	0.0340189 	-7.94907e-21 	3.15946e-06
0.011859 	-573.374 	2.66772 	-9.54242 	6.75541e-33 	-0.0318678 	-0.00456353 	8.24598e-22 	0.0318645 	-7.35786e-21 	3.32578e-06
0.0119301 	-573.316 	2.712 	-9.61222 	-1.97883e-32 	-0.0293429 	-0.00541637 	-1.78454e-21 	0.0293394 	-1.87618e-33 	3.50095e-06
0.0120009 	-573.25 	2.76399 	-9.67568 	-1.11367e-34 	-0.0264445 	-0.0066739 	-1.01401e-21 	0.0264408 	-2.15804e-33 	3.68356e-06
0.0120715 	-573.174 	2.82573 	-9.732 	1.17264e-34 	-0.0231936 	-0.00836896 	2.05309e-21 	0.0231897 	7.02093e-21 	3.86978e-06
0.012142 	-573.087 	2.89929 	-9.78046 	-6.32642e-20 	-0.0196421 	-0.0105118 	2.56713e-21 	0.019638 	-8.47435e-21 	4.05758e-06
0.0122123 	-572.988 	2.9866 	-9.82051 	-3.73831e-22 	-0.0158777 	-0.0130806 	-1.83609e-22 	0.0158735 	-1.22996e-20 	4.23553e-06
0.0122824 	-572.875 	3.08924 	-9.85183 	4.74713e-20 	-0.0120263 	-0.0160138 	-1.37457e-21 	0.0120219 	6.33973e-21 	4.38859e-06
0.0123524 	-572.747 	3.20825 	-9.87444 	-7.73433e-23 	-0.00824836 	-0.0192063 	3.08853e-23 	0.00824381 	3.58771e-21 	4.54903e-06
0.0124222 	-572.604 	3.34389 	-9.88873 	1.53417e-20 	-0.00472975 	-0.0225118 	-6.84754e-22 	0.00472519 	2.15835e-21 	4.55513e-06
0.0124919 	-572.443 	3.49555 	-9.89554 	1.51013e-35 	-0.00166269 	-0.0257523 	1.13068e-23 	0.00165826 	2.15234e-21 	4.42594e-06
0.0125614 	-572.265 	3.66159 	-9.89611 	-3.88223e-21 	0.000780148 	-0.028741 	-3.44889e-22 	-0.000785197 	-5.32795e-22 	5.04935e-06
0.0126308 	-572.067 	3.8395 	-9.89203 	-6.0259e-23 	0.00247196 	-0.0313318 	-3.27246e-24 	-0.00247657 	-8.55815e-22 	4.60323e-06
0.0127 	-571.854 	4.02341 	-9.88521 	3.82197e-21 	0.00335402 	-0.0334365 	-9.85044e-23 	-0.00335802 	5.60803e-22 	4.00233e-06
0.0127649 	-571.628 	4.20801 	-9.87757 	0 	0.00346121 	-0.0348614 	-4.14398e-24 	-0.00346517 	2.24723e-21 	3.95246e-06
0.0128308 	-571.385 	4.3935 	-9.87052 	-1.52802e-20 	0.00293814 	-0.0354439 	5.89241e-22 	-0.00294196 	-2.20685e-21 	3.81475e-06
0.0128978 	-571.121 	4.57963 	-9.86505 	2.18255e-22 	0.00204217 	-0.0354098 	2.28685e-23 	-0.0020457 	-3.58705e-21 	3.52937e-06
0.0129658 	-570.836 	4.76465 	-9.86168 	1.51952e-20 	0.00105667 	-0.0351007 	-5.76574e-22 	-0.00106001 	2.29546e-21 	3.33615e-06
0.0130348 	-570.53 	4.94799 	-9.86039 	-8.85528e-22 	0.000239843 	-0.0347324 	-9.10746e-22 	-0.000243203 	1.77862e-21 	3.35995e-06
0.0131049 	-570.202 	5.13026 	-9.86059 	-1.84779e-23 	-0.000199335 	-0.0344931 	-9.32963e-22 	0.000195951 	3.01296e-21 	3.38349e-06
0.0131762 	-569.853 	5.31303 	-9.86126 	-2.88605e-20 	-0.000156316 	-0.0344988 	2.28348e-21 	0.000152628 	-4.0331e-21 	3.68789e-06
0.0132485 	-569.483 	5.49824 	-9.86125 	-2.19242e-22 	0.000365749 	-0.034779 	1.02713e-21 	-0.000369626 	-6.28537e-21 	3.87696e-06
0.013322 	-569.091 	5.68784 	-9.85949 	2.92049e-20 	0.00126258 	-0.0352915 	-1.3618e-21 	-0.00126678 	3.87772e-21 	4.20179e-06
0.0133967 	-568.676 	5.88322 	-9.85519 	5.2062e-22 	0.00236757 	-0.0359407 	8.51004e-22 	-0.00237191 	-2.76415e-21 	4.34446e-06
0.0134725 	-568.238 	6.08508 	-9.848 	5.69218e-20 	0.00349919 	-0.0366164 	-3.2882e-21 	-0.00350366 	7.63594e-21 	4.46412e-06
0.0135496 	-567.774 	6.29332 	-9.83799 	-5.68411e-23 	0.00450923 	-0.0372274 	-2.69855e-21 	-0.00451362 	6.02542e-21 	4.38508e-06
0.0136279 	-567.285 	6.50731 	-9.82551 	-5.5713e-22 	0.00531553 	-0.0377212 	-2.96373e-22 	-0.00531977 	5.0947e-21 	4.24086e-06
0.0137075 	-566.769 	6.72618 	-9.81106 	-5.39843e-20 	0.00591297 	-0.0380941 	8.26193e-21 	-0.00591694 	3.38709e-21 	3.97732e-06
0.0137883 	-566.226 	6.94918 	-9.79509 	-1.0983e-19 	0.00636055 	-0.0383825 	1.06378e-20 	-0.00636426 	-2.96886e-20 	3.71158e-06
0.0138705 	-565.655 	7.17592 	-9.77782 	1.07004e-19 	0.006751 	-0.0386414 	-1.49681e-20 	-0.00675444 	3.39183e-21 	3.44417e-06
0.0139541 	-565.055 	7.40643 	-9.75923 	2.0708e-22 	0.00717465 	-0.0389215 	-1.6984e-21 	-0.00717788 	1.52197e-20 	3.2337e-06
0.014039 	-564.426 	7.64113 	-9.73909 	-5.34842e-20 	0.00768935 	-0.0392483 	8.73964e-21 	-0.00769241 	-1.64707e-20 	3.0597e-06
0.0141253 	-563.767 	7.88059 	-9.71705 	1.05886e-19 	0.00830927 	-0.0396249 	-9.64342e-21 	-0.0083122 	1.74402e-20 	2.92844e-06
0.014213 	-563.077 	8.12534 	-9.69275 	-1.02839e-19 	0.00900893 	-0.0400313 	1.27109e-20 	-0.00901173 	-7.55785e-21 	2.80157e-06
0.0143023 	-562.355 	8.3757 	-9.66596 	4.98032e-20 	0.00974182 	-0.0404364 	-6.60858e-21 	-0.00974449 	-2.06732e-20 	2.66774e-06
0.014393 	-561.601 	8.63171 	-9.63658 	2.05129e-19 	0.0104637 	-0.0408153 	-2.16449e-20 	-0.0104662 	2.95567e-20 	2.50767e-06
0.0144852 	-560.814 	8.89327 	-9.60462 	-2.84257e-22 	0.0111498 	-0.0411568 	4.42754e-21 	-0.0111521 	2.56914e-20 	2.32026e-06
0.0145791 	-559.993 	9.16018 	-9.57012 	-9.9595e-20 	0.0117979 	-0.041459 	8.07176e-21 	-0.0118 	-3.87265e-21 	2.12329e-06
0.0146745 	-559.138 	9.43233 	-9.5331 	-9.94497e-20 	0.0124262 	-0.0417372 	6.13477e-21 	-0.0124281 	-2.01334e-20 	1.9293e-06
0.0147716 	-558.247 	9.70968 	-9.4935 	2.26943e-32 	0.0130559 	-0.0420025 	1.65785e-22 	-0.0130576 	-8.08818e-21 	1.74702e-06
0.0148703 	-557.32 	9.99235 	-9.45122 	2.17032e-34 	0.0137003 	-0.0422595 	-4.45924e-24 	-0.0137019 	1.66665e-33 	1.58636e-06
0.0149708 	-556.357 	10.2805 	-9.40609 	-2.57571e-34 	0.0143605 	-0.0425094 	2.57366e-21 	-0.014362 	6.9445e-21 	1.44075e-06
0.0150731 	-555.356 	10.5742 	-9.358 	-9.18433e-20 	0.0150245 	-0.042744 	1.2588e-20 	-0.0150259 	-1.0539e-20 	1.30921e-06
0.0151771 	-554.318 	10.8735 	-9.30686 	-1.10927e-21 	0.0156778 	-0.0429603 	-1.95719e-21 	-0.015679 	-1.36562e-20 	1.18088e-06
0.015283 	-553.241 	11.1785 	-9.25263 	8.97608e-20 	0.0163077 	-0.043154 	-1.48868e-20 	-0.0163087 	1.0348e-20 	1.05813e-06
0.0153908 	-552.126 	11.4891 	-9.19532 	-4.14025e-23 	0.0169086 	-0.0433254 	-2.40128e-23 	-0.0169096 	2.51304e-22 	9.44042e-07
0.0155005 	-550.971 	11.8052 	-9.13492 	8.84193e-20 	0.0174815 	-0.0434783 	-8.07836e-21 	-0.0174824 	9.57884e-21 	8.38315e-07
0.0156122 	-549.777 	12.127 	-9.07142 	1.20106e-21 	0.0180291 	-0.0436157 	-1.04384e-21 	-0.0180299 	1.81104e-20 	7.47573e-07
0.015726 	-548.543 	12.4543 	-9.00483 	-1.70977e-19 	0.0185522 	-0.0437396 	2.3849e-20 	-0.0185528 	-1.8495e-20 	6.71592e-07
0.0158418 	-547.269 	12.7874 	-8.93512 	-1.22404e-21 	0.019048 	-0.0438512 	-1.35315e-21 	-0.0190486 	-1.73165e-20 	6.0881e-07
0.0159598 	-545.954 	13.1262 	-8.86231 	8.34638e-20 	0.0195111 	-0.0439511 	-1.37983e-20 	-0.0195117 	1.9309e-20 	5.58345e-07
0.0160799 	-544.599 	13.4707 	-8.78645 	-1.60763e-19 	0.0199357 	-0.0440407 	1.59331e-20 	-0.0199362 	-2.12925e-20 	5.17601e-07
0.0162023 	-543.203 	13.821 	-8.70759 	1.55319e-19 	0.0203174 	-0.044123 	-2.11543e-20 	-0.0203179 	-1.38493e-20 	4.86295e-07
0.0163271 	-541.767 	14.1772 	-8.62582 	3.15657e-19 	0.020654 	-0.0442026 	-3.79831e-20 	-0.0206545 	5.21165e-20 	4.6512e-07
0.0164542 	-540.29 	14.5392 	-8.54122 	-1.52731e-19 	0.0209449 	-0.0442857 	2.05561e-20 	-0.0209454 	1.28853e-20 	4.53657e-07
0.0165837 	-538.774 	14.9074 	-8.45392 	-1.52312e-19 	0.02119 	-0.0443794 	2.35706e-20 	-0.0211905 	-2.50475e-20 	4.53315e-07
0.0167158 	-537.217 	15.2818 	-8.36401 	2.70845e-32 	0.0213892 	-0.0444917 	1.47689e-21 	-0.0213897 	-2.54988e-20 	4.59044e-07
0.0168504 	-535.62 	15.6627 	-8.27162 	2.84405e-19 	0.0215434 	-0.044632 	-5.67678e-20 	-0.0215438 	2.80724e-20 	4.81188e-07
0.0169877 	-533.984 	16.0506 	-8.17686 	5.25351e-21 	0.021655 	-0.0448122 	-3.04693e-21 	-0.0216556 	3.23721e-20 	5.19236e-07
0.0171277 	-532.31 	16.4459 	-8.07985 	-2.79153e-19 	0.0217295 	-0.0450463 	5.56883e-20 	-0.02173 	-2.76244e-20 	4.62654e-07
0.0172704 	-530.597 	16.8492 	-7.98068 	1.0817e-21 	0.0217767 	-0.0453517 	8.65802e-21 	-0.0217775 	-1.53648e-20 	7.84989e-07
0.0174161 	-528.847 	17.2616 	-7.87937 	3.20952e-23 	0.0218086 	-0.0457487 	1.41865e-22 	-0.021809 	1.67216e-22 	4.09958e-07
0.0175647 	-527.06 	17.6841 	-7.77594 	-1.03202e-21 	0.0218434 	-0.046261 	-7.47896e-21 	-0.021843 	-9.82897e-23 	-3.67301e-07
0.0177163 	-525.238 	18.1182 	-7.67022 	0 	0.0219145 	-0.0469081 	5.69333e-24 	-0.0219239 	-7.93811e-23 	9.39219e-06
0.0178711 	-523.377 	18.5656 	-7.56167 	0 	0.0220103 	-0.0476536 	4.36431e-24 	-0.0220096 	-5.67423e-23 	-7.62956e-07
0.0180291 	-521.427 	19.048 	-7.44595 	8.66183e-22 	0.0221771 	-0.0483904 	6.70541e-21 	-0.0221633 	-8.30975e-21 	-1.37576e-05
0.0182185 	-519.34 	19.5866 	-7.31621 	2.05323e-19 	0.0225636 	-0.0493681 	-5.06475e-20 	-0.0225671 	1.75336e-20 	3.50307e-06
0.0184124 	-517.162 	20.1702 	-7.17509 	5.53351e-21 	0.0231985 	-0.0509491 	-8.41553e-21 	-0.0232046 	1.64861e-20 	6.0507e-06
0.0186108 	-514.949 	20.7882 	-7.02617 	-1.98946e-19 	0.0240549 	-0.0529761 	4.98912e-20 	-0.0240557 	-2.05743e-20 	7.32411e-07
0.018814 	-512.705 	21.4452 	-6.86738 	9.14623e-20 	0.0251084 	-0.05524 	-3.10451e-20 	-0.0251096 	3.05484e-21 	1.28072e-06
0.0190221 	-510.434 	22.1458 	-6.69741 	-8.53537e-20 	0.0262469 	-0.0576118 	2.78971e-20 	-0.0262477 	-3.48804e-21 	8.09208e-07
0.0192352 	-508.145 	22.8914 	-6.51557 	-6.56994e-21 	0.0272668 	-0.0598732 	8.05842e-21 	-0.0272679 	-9.88134e-21 	1.16813e-06
0.0194534 	-505.846 	23.6794 	-6.32329 	1.69875e-19 	0.0278171 	-0.0617101 	-5.36216e-20 	-0.0278179 	1.65237e-20 	8.46387e-07
0.0196769 	-503.547 	24.4996 	-6.12501 	-7.85658e-20 	0.0273949 	-0.062679 	2.19629e-20 	-0.0273959 	4.55858e-21 	9.6646e-07
0.019906 	-501.259 	25.3333 	-5.92967 	-1.52634e-19 	0.0254461 	-0.0623662 	4.9143e-20 	-0.0254468 	-1.27292e-20 	7.23719e-07
0.0201406 	-498.993 	26.1523 	-5.75084 	-7.41181e-20 	0.0215719 	-0.0605681 	2.42632e-20 	-0.0215727 	-1.1072e-20 	7.68908e-07
0.0203811 	-496.76 	26.9247 	-5.6052 	1.24639e-21 	0.0158326 	-0.0574661 	3.35157e-21 	-0.0158333 	-8.26949e-24 	6.99143e-07
0.0206276 	-494.568 	27.6244 	-5.50743 	-6.40624e-20 	0.00911151 	-0.0538165 	3.0548e-20 	-0.00911242 	-2.90228e-21 	9.06456e-07
0.0208802 	-492.422 	28.2471 	-5.4622 	-6.51076e-20 	0.00319665 	-0.0508886 	1.8831e-20 	-0.00319774 	-1.47442e-20 	1.0907e-06
0.0211393 	-490.326 	28.8206 	-5.45648 	2.40348e-19 	0.000149751 	-0.049862 	-1.00542e-19 	-0.000150988 	1.43487e-20 	1.23735e-06
0.0214049 	-488.286 	29.4014 	-5.45989 	1.25035e-19 	0.00105527 	-0.05108 	-4.50859e-20 	-0.00105632 	2.404e-20 	1.05599e-06
0.0216773 	-486.309 	30.0477 	-5.43778 	-2.2535e-19 	0.00501889 	-0.0537271 	1.03176e-19 	-0.00501972 	-1.84689e-20 	8.30892e-07
0.0219566 	-484.405 	30.7881 	-5.3708 	1.00466e-19 	0.0095487 	-0.0563717 	-4.83256e-20 	-0.00954943 	-6.22627e-22 	7.3158e-07
0.0222432 	-482.58 	31.6096 	-5.26506 	1.09831e-19 	0.0122357 	-0.0579685 	-5.70603e-20 	-0.0122365 	1.23976e-20 	8.0563e-07
0.0225373 	-480.841 	32.4744 	-5.14449 	-5.94877e-21 	0.012197 	-0.0583995 	-7.10725e-21 	-0.0121979 	-2.76328e-21 	8.53811e-07
0.022839 	-479.193 	33.3479 	-5.03406 	1.85454e-19 	0.0100552 	-0.0581632 	-1.0694e-19 	-0.0100561 	1.96408e-20 	8.4528e-07
0.0231487 	-477.645 	34.2118 	-4.94936 	-1.69565e-19 	0.0069035 	-0.0577557 	1.0228e-19 	-0.00690428 	-5.76438e-21 	7.80856e-07
0.0234665 	-476.203 	35.0612 	-4.89682 	-1.77224e-19 	0.00349756 	-0.0574065 	1.06699e-19 	-0.00349831 	-1.95139e-20 	7.46151e-07
0.0237929 	-474.877 	35.8966 	-4.87837 	4.91735e-21 	0.000114882 	-0.0571636 	6.50451e-21 	-0.000115621 	-3.61187e-21 	7.39006e-07
0.024128 	-473.679 	36.7195 	-4.8953 	-2.59113e-21 	-0.00328977 	-0.0570158 	4.30758e-21 	0.00328902 	-2.85952e-21 	7.48821e-07
0.0244721 	-472.619 	37.529 	-4.95073 	1.46871e-19 	-0.00689021 	-0.0569371 	-1.04634e-19 	0.00688945 	1.51011e-20 	7.53866e-07
0.0248256 	-471.711 	38.322 	-5.05008 	-6.56826e-20 	-0.0107881 	-0.0569182 	5.04283e-20 	0.0107873 	-3.4791e-21 	7.51013e-07
0.0251887 	-470.97 	39.0948 	-5.19924 	-6.20452e-21 	-0.0149143 	-0.0569658 	1.15868e-21 	0.0149136 	-2.69868e-21 	7.28238e-07
0.0255618 	-470.415 	39.8453 	-5.40266 	6.78557e-20 	-0.0190987 	-0.0570849 	-5.43985e-20 	0.019098 	7.75753e-21 	6.93173e-07
0.0259452 	-470.067 	40.5738 	-5.66277 	-6.2844e-20 	-0.023175 	-0.0572981 	4.849e-20 	0.0231744 	-6.77637e-21 	6.43476e-07
0.0263394 	-469.95 	41.2825 	-5.98006 	5.74398e-20 	-0.0269922 	-0.0576382 	-4.86445e-20 	0.0269916 	7.62797e-21 	5.8232e-07
0.0267445 	-470.093 	41.9765 	-6.35264 	-5.2487e-20 	-0.0303891 	-0.0581539 	4.70483e-20 	0.0303886 	-5.85638e-21 	5.11666e-07
0.0271612 	-470.526 	42.6633 	-6.77549 	-5.73193e-20 	-0.0332366 	-0.0589356 	5.01385e-20 	0.0332362 	-8.93088e-21 	4.44619e-07
0.0275896 	-471.282 	43.3537 	-7.24065 	2.795e-21 	-0.0355182 	-0.0601393 	5.98747e-21 	0.0355178 	-2.24594e-21 	3.92423e-07
0.0280303 	-472.393 	44.0597 	-7.73845 	4.5491e-20 	-0.0373691 	-0.0619883 	-5.34571e-20 	0.0373687 	7.32127e-21 	3.66968e-07
0.0284837 	-473.891 	44.7931 	-8.25931 	9.61235e-20 	-0.0390486 	-0.064716 	-1.04276e-19 	0.0390483 	2.05376e-20 	3.61138e-07
0.0289501 	-475.806 	45.5631 	-8.79586 	-4.3506e-20 	-0.0408301 	-0.0683842 	5.37105e-20 	0.0408297 	-5.93931e-21 	4.00308e-07
0.0294302 	-478.169 	46.3743 	-9.34499 	-8.70328e-20 	-0.0426639 	-0.0723029 	1.08022e-19 	0.0426634 	-2.30836e-20 	4.75863e-07
0.0299244 	-481.009 	47.2252 	-9.9093 	-4.30103e-20 	-0.0440951 	-0.0749128 	5.8306e-20 	0.0440946 	-1.6125e-20 	5.27673e-07
0.0304332 	-484.357 	48.1076 	-10.4974 	7.83343e-20 	-0.0450694 	-0.0753548 	-1.04982e-19 	0.0450689 	2.26491e-20 	5.36975e-07
0.030957 	-488.251 	49.0066 	-11.1234 	4.09631e-20 	-0.0460655 	-0.0739674 	-5.76138e-20 	0.046065 	1.49277e-20 	5.17408e-07
0.0314966 	-492.736 	49.9018 	-11.8057 	-3.76241e-20 	-0.0472588 	-0.0710159 	5.14691e-20 	0.0472584 	-1.07654e-20 	4.46016e-07
0.0320524 	-497.87 	50.7686 	-12.5647 	-3.53377e-20 	-0.0494899 	-0.0679752 	4.67708e-20 	0.0494895 	-1.3285e-20 	3.52971e-07
0.032625 	-503.715 	51.5815 	-13.4205 	-1.57581e-21 	-0.0533554 	-0.0659771 	1.88407e-21 	0.0533551 	-1.93386e-21 	2.77632e-07
0.0332151 	-510.344 	52.3188 	-14.387 	6.64176e-20 	-0.0578451 	-0.0641262 	-9.19416e-20 	0.0578449 	2.52887e-20 	1.90238e-07
0.0338233 	-517.83 	52.9705 	-15.466 	1.41926e-21 	-0.0617307 	-0.0618433 	-2.86264e-21 	0.0617306 	2.17052e-21 	8.44426e-08
0.0344503 	-526.242 	53.5464 	-16.6405 	-6.22684e-20 	-0.0639386 	-0.0591112 	9.09205e-20 	0.0639386 	-2.73198e-20 	1.33415e-08
0.0350967 	-535.639 	54.0795 	-17.8722 	2.94805e-20 	-0.0636787 	-0.0560842 	-4.03456e-20 	0.0636787 	1.36221e-20 	-2.27961e-08
0.0357634 	-546.059 	54.6198 	-19.1099 	3.09839e-20 	-0.0609191 	-0.0530407 	-4.52684e-20 	0.0609191 	1.50455e-20 	-8.58966e-10
0.0364511 	-557.512 	55.2161 	-20.3075 	-2.94923e-20 	-0.0565733 	-0.0502677 	4.06142e-20 	0.0565733 	-1.44198e-20 	7.12716e-08
0.0371605 	-569.983 	55.8942 	-21.4427 	-6.53347e-33 	-0.0520738 	-0.047892 	-8.40766e-22 	0.0520736 	-3.57543e-22 	1.73818e-07
0.0378926 	-583.428 	56.646 	-22.5231 	-6.43006e-33 	-0.0485368 	-0.0457724 	-1.70548e-24 	0.0485366 	-3.87162e-33 	2.21393e-07
0.0386481 	-597.786 	57.4369 	-23.5735 	6.03879e-33 	-0.0461673 	-0.0435688 	1.78421e-21 	0.0461671 	3.52137e-33 	2.13343e-07
0.039428 	-612.975 	58.2262 	-24.6157 	6.42914e-33 	-0.044395 	-0.0410015 	-9.37802e-22 	0.0443948 	2.76833e-22 	1.80077e-07
0.0402333 	-628.887 	58.9852 	-25.6544 	-2.68414e-20 	-0.0424914 	-0.0380343 	3.64161e-20 	0.0424912 	-1.65384e-20 	2.0274e-07
0.0410648 	-645.373 	59.7017 	-26.68 	-2.74989e-20 	-0.0401421 	-0.0348775 	3.86865e-20 	0.0401419 	-1.79148e-20 	2.42766e-07
0.0419237 	-662.248 	60.3734 	-27.6794 	2.46897e-20 	-0.0374494 	-0.0317517 	-3.43763e-20 	0.0374491 	1.47796e-20 	2.87183e-07
0.0428109 	-679.3 	60.9991 	-28.6441 	5.0953e-20 	-0.0346984 	-0.0287872 	-6.8536e-20 	0.0346981 	3.31362e-20 	2.66112e-07
0.0437277 	-696.309 	61.5764 	-29.5707 	-2.42433e-20 	-0.0320261 	-0.0259667 	3.10924e-20 	0.0320259 	-1.46905e-20 	2.36102e-07
0.0446751 	-713.054 	62.1033 	-30.4564 	-7.49828e-20 	-0.0294366 	-0.0232315 	9.85519e-20 	0.0294364 	-4.96215e-20 	1.58415e-07
0.0456545 	-729.328 	62.5788 	-31.298 	4.68715e-20 	-0.0269355 	-0.0205445 	-6.04804e-20 	0.0269354 	2.98002e-20 	1.07291e-07
0.046667 	-744.936 	63.0006 	-32.0931 	4.8505e-20 	-0.0244928 	-0.0177934 	-6.48405e-20 	0.0244928 	3.27267e-20 	7.79588e-09
0.0477139 	-759.703 	63.3608 	-32.8413 	-4.69852e-20 	-0.0221366 	-0.0148856 	6.07217e-20 	0.0221366 	-3.07404e-20 	-2.59635e-08
0.0487967 	-773.457 	63.6447 	-33.5408 	-7.9839e-22 	-0.0197585 	-0.0116757 	2.01281e-21 	0.0197586 	-1.28904e-21 	-1.40862e-07
0.0499168 	-786.039 	63.8326 	-34.1835 	4.53239e-20 	-0.0171314 	-0.0080316 	-5.69275e-20 	0.0171314 	2.99962e-20 	-8.25367e-08
0.0510757 	-797.25 	63.9022 	-34.7501 	7.66826e-22 	-0.0139657 	-0.00388533 	-3.80441e-22 	0.013966 	8.88008e-22 	-2.31533e-07
0.052275 	-806.891 	63.8306 	-35.2078 	-1.0856e-22 	-0.00995797 	0.000731616 	2.05606e-21 	0.0099579 	-3.56909e-22 	6.83606e-08
0.0535162 	-814.661 	63.5983 	-35.508 	5.29176e-22 	-0.00487553 	0.00561394 	-4.33921e-22 	0.0048757 	6.70115e-22 	-1.71581e-07
0.0548012 	-820.326 	63.1993 	-35.5891 	-2.13388e-20 	0.00135454 	0.0103119 	2.37018e-20 	-0.001355 	-1.36691e-20 	4.53352e-07
0.0561317 	-823.55 	62.6554 	-35.3846 	2.06536e-20 	0.00844274 	0.0141517 	-2.25455e-20 	-0.00844355 	1.21913e-20 	8.05512e-07
0.0575095 	-824.313 	62.0368 	-34.8596 	-1.01344e-21 	0.0155375 	0.0164131 	7.62686e-22 	-0.0155371 	-2.19419e-22 	-3.67025e-07
0.0588375 	-823.27 	61.4476 	-34.047 	-2.16123e-20 	0.0214818 	0.0168373 	2.20562e-20 	-0.0214818 	-1.27276e-20 	-5.6056e-08
0.0601751 	-820.959 	60.9566 	-33.0182 	0 	0.0254986 	0.0159743 	1.61756e-23 	-0.0254985 	-1.27465e-22 	-7.63444e-08
0.0615226 	-817.851 	60.5806 	-31.8549 	1.28172e-22 	0.0273993 	0.0147418 	-1.20268e-21 	-0.0273987 	6.26028e-23 	-5.81723e-07
0.06288 	-814.423 	60.3111 	-30.6459 	2.5146e-23 	0.0274116 	0.0140107 	-2.70118e-23 	-0.0274112 	1.41418e-23 	-4.25736e-07
0.0642476 	-810.847 	60.1112 	-29.4645 	-1.45752e-22 	0.0261537 	0.0144499 	1.22907e-21 	-0.0261536 	-1.31891e-22 	-8.12192e-08
0.0656256 	-807.079 	59.926 	-28.349 	1.06342e-20 	0.0244522 	0.0162504 	-1.01429e-20 	-0.0244521 	4.69831e-21 	-4.25785e-08
0.0670141 	-803.063 	59.7054 	-27.302 	1.05704e-20 	0.0229794 	0.0190916 	-9.47959e-21 	-0.0229795 	4.6986e-21 	8.18042e-08
0.0684134 	-798.748 	59.4184 	-26.3027 	-1.06553e-20 	0.0220096 	0.0224125 	9.68636e-21 	-0.0220095 	-4.58003e-21 	-1.1615e-07
0.0698236 	-794.176 	59.0599 	-25.3292 	-1.0671e-20 	0.0213908 	0.0257468 	9.61728e-21 	-0.0213906 	-4.64426e-21 	-1.94946e-07
0.0712449 	-789.358 	58.6406 	-24.3742 	-1.09377e-23 	0.0207846 	0.0289641 	3.34275e-22 	-0.0207844 	-6.40276e-23 	-1.63206e-07
0.0726775 	-784.224 	58.1723 	-23.4469 	8.55579e-23 	0.0199522 	0.0321728 	-2.93732e-22 	-0.0199522 	1.24659e-22 	-2.8142e-08
0.0741216 	-778.645 	57.6596 	-22.5599 	-1.03732e-20 	0.0188725 	0.0354444 	9.36767e-21 	-0.0188724 	-3.63235e-21 	-1.5351e-07
0.0755775 	-772.52 	57.1041 	-21.7208 	5.27549e-23 	0.0176306 	0.0387341 	9.2871e-23 	-0.0176305 	-1.43682e-22 	-1.3235e-07
0.0770453 	-765.696 	56.5124 	-20.9345 	1.04202e-20 	0.016175 	0.0419635 	-9.28264e-21 	-0.0161745 	3.65449e-21 	-5.50055e-07
0.0785253 	-757.996 	55.8966 	-20.2155 	-1.02959e-20 	0.0143076 	0.0451993 	9.37768e-21 	-0.0143074 	-3.21515e-21 	-1.60407e-07
0.0800177 	-748.854 	55.2586 	-19.5834 	-3.37443e-22 	0.0118348 	0.0486837 	4.75035e-22 	-0.0118351 	-2.1944e-22 	3.07881e-07
0.081582 	-737.676 	54.5962 	-19.0731 	4.08351e-23 	0.00874623 	0.0527143 	-8.28317e-23 	-0.00874586 	1.22842e-22 	-3.68156e-07
0.083121 	-724.49 	53.9259 	-18.7258 	-9.63579e-21 	0.00510211 	0.057468 	8.15899e-21 	-0.00510119 	-3.02776e-21 	-9.18705e-07
0.0846367 	-709.247 	53.2567 	-18.5737 	3.03261e-20 	0.000588359 	0.0632388 	-2.60143e-20 	-0.000589208 	9.0886e-21 	8.49176e-07
0.086131 	-691.319 	52.5823 	-18.6656 	1.96099e-20 	-0.00549809 	0.0708665 	-1.70769e-20 	0.00549718 	6.41579e-21 	9.1224e-07
0.0876057 	-671.713 	51.9236 	-19.06 	-2.25282e-20 	-0.0134328 	0.0811664 	1.93219e-20 	0.0134356 	-6.92238e-21 	-2.80169e-06
0.0888027 	-652.723 	51.283 	-19.752 	-1.15922e-22 	-0.0225939 	0.0943385 	-2.98551e-22 	0.0225947 	4.82121e-22 	-7.88321e-07
0.0899462 	-633.954 	50.5492 	-20.7271 	-6.27756e-22 	-0.0304827 	0.110068 	6.51647e-22 	0.0304809 	-8.27131e-23 	1.80957e-06
0.0910387 	-614.747 	49.5316 	-21.8621 	-2.52706e-20 	-0.0303008 	0.125296 	2.41412e-20 	0.030301 	-1.07384e-20 	-1.81402e-07
0.0920824 	-596.31 	48.0406 	-22.7294 	9.59441e-22 	-0.0168867 	0.134246 	-7.32518e-22 	0.0168939 	1.02677e-22 	-7.18256e-06
0.0930796 	-580.137 	46.1377 	-22.9421 	6.58516e-21 	-0.00106607 	0.136144 	-6.54111e-21 	0.00108023 	2.92284e-21 	-1.41568e-05
0.0940323 	-566.457 	44.3413 	-22.8112 	-6.84056e-21 	-0.00495399 	0.139985 	6.15041e-21 	0.00495975 	-3.426e-21 	-5.75659e-06
0.0949425 	-553.481 	43.1577 	-23.1888 	1.53507e-20 	-0.0281868 	0.150452 	-1.35346e-20 	0.0281804 	7.45657e-21 	6.33161e-06
0.095812 	-539.685 	42.4017 	-24.2424 	-2.56226e-22 	-0.0407571 	0.154659 	-7.21233e-23 	0.0407559 	-3.74973e-22 	1.18962e-06
0.0966428 	-525.553 	41.5005 	-25.204 	8.28248e-21 	-0.029904 	0.141893 	-6.80904e-21 	0.0299122 	4.69584e-21 	-8.23481e-06
0.0974364 	-512.121 	40.3511 	-25.6717 	7.00811e-21 	-0.0157914 	0.121534 	-6.16699e-21 	0.0157904 	4.11033e-21 	9.58196e-07
0.0981947 	-499.332 	39.1805 	-25.9237 	-2.50065e-20 	-0.00742475 	0.10351 	2.07083e-20 	0.00741422 	-1.39515e-20 	1.05285e-05
0.0989191 	-486.872 	37.9288 	-25.9981 	1.81478e-20 	0.00417541 	0.0875596 	-1.43964e-20 	-0.00418153 	9.67493e-21 	6.11088e-06
0.0996112 	-474.977 	36.476 	-25.7648 	1.69596e-20 	0.0160462 	0.0750952 	-1.35062e-20 	-0.016052 	1.01776e-20 	5.71875e-06
0.100272 	-463.76 	34.909 	-25.3689 	-1.96447e-20 	0.0222299 	0.0686847 	1.52146e-20 	-0.022237 	-1.03335e-20 	7.11833e-06
0.100904 	-453.159 	33.2588 	-24.9198 	3.62356e-22 	0.0254517 	0.0671181 	1.55515e-22 	-0.0254537 	-1.09492e-22 	2.00326e-06
0.101508 	-443.216 	31.514 	-24.4369 	-1.20609e-20 	0.0260486 	0.0687447 	6.87626e-21 	-0.0260462 	-5.41228e-21 	-2.46403e-06
0.102084 	-433.931 	29.7317 	-23.9948 	-1.04607e-20 	0.0243515 	0.0723008 	6.71729e-21 	-0.0243447 	-5.79375e-21 	-6.79446e-06
