0.0127 	-461.823 	0 	0 	0 	-0.00103479 	1.59244 	0 	0.00193936 	0 	-0.000904563
0.0127068 	-461.821 	-0.335881 	4.07833e-05 	0 	0.00187935 	1.22028 	0 	-0.00183179 	0 	-4.75653e-05
0.012714 	-461.818 	-1.0204 	0.000766077 	0 	0.00591982 	1.63461 	0 	-0.00588248 	0 	-3.7331e-05
0.0127214 	-461.815 	-1.72351 	0.00254939 	0 	0.0107248 	1.66292 	0 	-0.0107724 	0 	4.76602e-05
0.0127293 	-461.811 	-2.40543 	0.00525651 	0 	0.0170011 	1.70544 	0 	-0.0170146 	0 	1.35404e-05
0.0127375 	-461.804 	-3.02618 	0.0089616 	0 	0.0258722 	1.76165 	0 	-0.0258862 	0 	1.40338e-05
0.012746 	-461.794 	-3.56717 	0.0136208 	0 	0.0377197 	1.81873 	0 	-0.0377226 	0 	2.84404e-06
0.012755 	-461.781 	-4.0331 	0.0191714 	0 	0.0523527 	1.87055 	0 	-0.0523472 	0 	-5.43257e-06
0.0127644 	-461.766 	-4.43857 	0.0255509 	0 	0.0692622 	1.9193 	0 	-0.0692558 	0 	-6.37394e-06
0.0127742 	-461.749 	-4.79815 	0.0327002 	0 	0.0878572 	1.96756 	0 	-0.0878525 	0 	-4.69007e-06
0.0127845 	-461.73 	-5.12349 	0.0405655 	0 	0.107549 	2.01619 	0 	-0.107545 	0 	-3.09856e-06
0.0127953 	-461.711 	-5.42322 	0.0490975 	0 	0.127766 	2.0648 	0 	-0.127764 	0 	-1.94803e-06
0.0128066 	-461.692 	-5.70369 	0.0582496 	0 	0.147964 	2.11235 	0 	-0.147963 	0 	-1.16268e-06
0.0128184 	-461.673 	-5.96954 	0.0679757 	0 	0.167627 	2.15738 	0 	-0.167626 	0 	-4.06432e-07
0.0128307 	-461.655 	-6.22416 	0.078228 	0 	0.186283 	2.1982 	0 	-0.186284 	0 	4.99663e-07
0.0128436 	-461.637 	-6.46995 	0.0889558 	0 	0.203515 	2.23296 	0 	-0.203516 	0 	1.31955e-06
0.0128572 	-461.622 	-6.7086 	0.100104 	0 	0.218948 	2.25972 	0 	-0.21895 	0 	2.0126e-06
0.0128713 	-461.609 	-6.94118 	0.111611 	0 	0.232247 	2.27651 	0 	-0.23225 	0 	2.6303e-06
0.0128862 	-461.597 	-7.16828 	0.123408 	0 	0.24311 	2.28144 	0 	-0.243113 	0 	3.14692e-06
0.0129017 	-461.589 	-7.39006 	0.13542 	0 	0.251264 	2.27272 	0 	-0.251267 	0 	3.71231e-06
0.0129179 	-461.584 	-7.60635 	0.14756 	0 	0.256462 	2.24876 	0 	-0.256467 	0 	4.33306e-06
0.0129349 	-461.583 	-7.81668 	0.159731 	0 	0.258488 	2.20821 	0 	-0.258492 	0 	4.71404e-06
0.0129527 	-461.585 	-8.02032 	0.171826 	0 	0.257141 	2.14998 	0 	-0.257146 	0 	4.91399e-06
0.0129713 	-461.592 	-8.21628 	0.183727 	0 	0.252252 	2.07334 	0 	-0.252257 	0 	5.24938e-06
0.0129908 	-461.605 	-8.40342 	0.195301 	0 	0.243696 	1.97794 	0 	-0.243702 	0 	5.78797e-06
0.0130112 	-461.623 	-8.5804 	0.206407 	0 	0.231395 	1.86384 	0 	-0.231401 	0 	6.36127e-06
0.0130326 	-461.647 	-8.74576 	0.216891 	0 	0.215325 	1.7315 	0 	-0.215332 	0 	6.67145e-06
0.0130549 	-461.677 	-8.89797 	0.22659 	0 	0.19551 	1.5818 	0 	-0.195517 	0 	6.67483e-06
0.0130783 	-461.715 	-9.03545 	0.235336 	0 	0.172031 	1.416 	0 	-0.172037 	0 	6.6193e-06
0.0131028 	-461.761 	-9.15663 	0.242953 	0 	0.145044 	1.23576 	0 	-0.145051 	0 	7.14349e-06
0.0131284 	-461.815 	-9.26001 	0.24927 	0 	0.114796 	1.04308 	0 	-0.114804 	0 	8.19389e-06
0.0131553 	-461.878 	-9.3442 	0.254118 	0 	0.0816266 	0.840274 	0 	-0.0816352 	0 	8.55018e-06
0.0131833 	-461.95 	-9.40799 	0.257338 	0 	0.0459225 	0.629816 	0 	-0.0459305 	0 	8.03358e-06
0.0132127 	-462.032 	-9.45039 	0.258791 	0 	0.00810515 	0.414272 	0 	-0.00811279 	0 	7.63772e-06
0.0132435 	-462.125 	-9.47069 	0.258355 	0 	-0.0313465 	0.196329 	0 	0.031339 	0 	7.4484e-06
0.0132757 	-462.228 	-9.4685 	0.255938 	0 	-0.0719011 	-0.0213007 	0 	0.0718943 	0 	6.75177e-06
0.0133094 	-462.342 	-9.44378 	0.25148 	0 	-0.112982 	-0.235965 	0 	0.112977 	0 	5.62291e-06
0.0133447 	-462.466 	-9.39684 	0.24496 	0 	-0.153967 	-0.445168 	0 	0.153962 	0 	5.01262e-06
0.0133816 	-462.602 	-9.32829 	0.236396 	0 	-0.194179 	-0.646629 	0 	0.194174 	0 	5.17131e-06
0.0134202 	-462.749 	-9.23905 	0.22585 	0 	-0.232915 	-0.838371 	0 	0.232911 	0 	3.75971e-06
0.0134607 	-462.907 	-9.13026 	0.213426 	0 	-0.269523 	-1.01894 	0 	0.269524 	0 	-9.8555e-07
0.013503 	-463.076 	-9.00324 	0.199267 	0 	-0.303453 	-1.18762 	0 	0.303459 	0 	-6.17972e-06
0.0135474 	-463.255 	-8.85941 	0.183554 	0 	-0.33415 	-1.34426 	0 	0.334159 	0 	-9.2698e-06
0.0135937 	-463.444 	-8.70018 	0.166499 	0 	-0.360988 	-1.48915 	0 	0.361 	0 	-1.19728e-05
0.0136423 	-463.641 	-8.52681 	0.148333 	0 	-0.383337 	-1.6231 	0 	0.383354 	0 	-1.71499e-05
0.0136931 	-463.847 	-8.34042 	0.129311 	0 	-0.40069 	-1.74754 	0 	0.400717 	0 	-2.68394e-05
0.0137463 	-464.06 	-8.14193 	0.109696 	0 	-0.412765 	-1.86462 	0 	0.412805 	0 	-4.04001e-05
0.013802 	-464.279 	-7.93206 	0.089758 	0 	-0.41947 	-1.97706 	0 	0.419526 	0 	-5.56368e-05
0.0138602 	-464.504 	-7.7113 	0.0697641 	0 	-0.420825 	-2.08806 	0 	0.420898 	0 	-7.29027e-05
0.0139212 	-464.733 	-7.47986 	0.0499744 	0 	-0.416901 	-2.20115 	0 	0.416994 	0 	-9.36206e-05
0.0139851 	-464.965 	-7.23763 	0.0306375 	0 	-0.407794 	-2.32005 	0 	0.407912 	0 	-0.000118103
0.0140519 	-465.199 	-6.98419 	0.0119871 	0 	-0.393616 	-2.44847 	0 	0.393762 	0 	-0.000146456
0.0141219 	-465.434 	-6.71871 	-0.00576064 	0 	-0.374507 	-2.58987 	0 	0.374687 	0 	-0.000180192
0.0141951 	-465.667 	-6.44003 	-0.0224101 	0 	-0.350687 	-2.74726 	0 	0.350909 	0 	-0.000221592
0.0142717 	-465.899 	-6.14665 	-0.0377856 	0 	-0.32252 	-2.92328 	0 	0.322789 	0 	-0.000269732
0.0143519 	-466.127 	-5.8368 	-0.0517288 	0 	-0.290436 	-3.12013 	0 	0.290758 	0 	-0.000322351
0.0144358 	-466.351 	-5.50853 	-0.0640951 	0 	-0.254784 	-3.33935 	0 	0.255164 	0 	-0.000380512
0.0145237 	-466.569 	-5.15978 	-0.0747491 	0 	-0.215759 	-3.5819 	0 	0.216203 	0 	-0.000444336
0.0146157 	-466.779 	-4.78839 	-0.0835557 	0 	-0.173325 	-3.84824 	0 	0.173837 	0 	-0.00051256
0.0147119 	-466.981 	-4.39221 	-0.0903686 	0 	-0.127129 	-4.13826 	0 	0.127714 	0 	-0.000585102
0.0148127 	-467.171 	-3.9691 	-0.0950167 	0 	-0.0764775 	-4.45136 	0 	0.0771393 	0 	-0.00066178
0.0149182 	-467.346 	-3.51699 	-0.0972896 	0 	-0.0203584 	-4.78655 	0 	0.0211033 	0 	-0.000744888
0.0150286 	-467.504 	-3.03385 	-0.0969254 	0 	0.0424195 	-5.14258 	0 	-0.0415838 	0 	-0.000835655
0.0151441 	-467.641 	-2.51769 	-0.0936068 	0 	0.113069 	-5.51782 	0 	-0.112137 	0 	-0.000931543
0.015265 	-467.752 	-1.9666 	-0.0869604 	0 	0.192784 	-5.91009 	0 	-0.191756 	0 	-0.00102862
0.0153916 	-467.834 	-1.37874 	-0.0765543 	0 	0.282692 	-6.31627 	0 	-0.281561 	0 	-0.00113089
0.0155241 	-467.881 	-0.7524 	-0.0619018 	0 	0.38367 	-6.73213 	0 	-0.382438 	0 	-0.00123217
0.0156628 	-467.888 	-0.0860735 	-0.0424691 	0 	0.496125 	-7.15208 	0 	-0.4948 	0 	-0.00132517
0.015808 	-467.849 	0.621452 	-0.0176971 	0 	0.619875 	-7.56916 	0 	-0.618452 	0 	-0.00142293
0.0159599 	-467.759 	1.37099 	0.0129786 	0 	0.753875 	-7.9755 	0 	-0.752367 	0 	-0.00150823
0.0161189 	-467.613 	2.16278 	0.0500839 	0 	0.895825 	-8.36194 	0 	-0.894261 	0 	-0.00156422
0.0162854 	-467.404 	2.99624 	0.0940394 	0 	1.04203 	-8.71803 	0 	-1.04043 	0 	-0.0016022
0.0164596 	-467.13 	3.86977 	0.145091 	0 	1.1873 	-9.03298 	0 	-1.18568 	0 	-0.00162329
0.0166419 	-466.788 	4.78061 	0.203224 	0 	1.32509 	-9.29718 	0 	-1.32347 	0 	-0.00161572
0.0168328 	-466.376 	5.72473 	0.26809 	0 	1.44788 	-9.50308 	0 	-1.44631 	0 	-0.00157762
0.0170326 	-465.896 	6.69671 	0.338926 	0 	1.5475 	-9.64524 	0 	-1.54596 	0 	-0.00154317
0.0172417 	-465.352 	7.68993 	0.414501 	0 	1.61582 	-9.72237 	0 	-1.61432 	0 	-0.00150134
0.0174606 	-464.752 	8.69711 	0.493158 	0 	1.64654 	-9.73937 	0 	-1.64517 	0 	-0.0013765
0.0176897 	-464.1 	9.71103 	0.572929 	0 	1.63719 	-9.70802 	0 	-1.63599 	0 	-0.00120061
0.0179294 	-463.404 	10.7251 	0.651733 	0 	1.58948 	-9.64323 	0 	-1.58842 	0 	-0.00105514
0.0181804 	-462.671 	11.7342 	0.727641 	0 	1.50922 	-9.56272 	0 	-1.50833 	0 	-0.00088339
0.0184431 	-461.907 	12.7353 	0.799121 	0 	1.4057 	-9.48513 	0 	-1.40498 	0 	-0.000726303
0.0187181 	-461.121 	13.7275 	0.865192 	0 	1.29005 	-9.42735 	0 	-1.28939 	0 	-0.000664553
0.0190059 	-460.32 	14.7123 	0.925495 	0 	1.17365 	-9.40453 	0 	-1.17303 	0 	-0.000626279
0.0193071 	-459.514 	15.6929 	0.980252 	0 	1.06723 	-9.42857 	0 	-1.06664 	0 	-0.000591514
0.0196224 	-458.709 	16.6743 	1.0302 	0 	0.98025 	-9.50587 	0 	-0.979712 	0 	-0.000537514
0.0199525 	-457.909 	17.6625 	1.07655 	0 	0.920044 	-9.63599 	0 	-0.91958 	0 	-0.000463942
0.0202979 	-457.118 	18.6645 	1.12082 	0 	0.891074 	-9.81435 	0 	-0.890649 	0 	-0.000424753
0.0206595 	-456.339 	19.687 	1.1647 	0 	0.8942 	-10.0332 	0 	-0.893803 	0 	-0.000396487
0.0210379 	-455.574 	20.7366 	1.20985 	0 	0.927106 	-10.283 	0 	-0.926748 	0 	-0.000358182
0.021434 	-454.828 	21.8192 	1.25782 	0 	0.985453 	-10.555 	0 	-0.98512 	0 	-0.000333332
0.0218486 	-454.105 	22.9399 	1.30994 	0 	1.06362 	-10.8409 	0 	-1.06331 	0 	-0.000305579
0.0222826 	-453.412 	24.1033 	1.36729 	0 	1.15497 	-11.1327 	0 	-1.15464 	0 	-0.000329154
0.0227368 	-452.762 	25.3119 	1.43056 	0 	1.2512 	-11.4235 	0 	-1.25071 	0 	-0.000490565
0.0232123 	-452.172 	26.5658 	1.49986 	0 	1.34413 	-11.7192 	0 	-1.34348 	0 	-0.000653461
0.0237099 	-451.662 	27.8626 	1.57474 	0 	1.42801 	-12.0302 	0 	-1.42718 	0 	-0.000830573
0.0242308 	-451.252 	29.1986 	1.65431 	0 	1.49998 	-12.3616 	0 	-1.49899 	0 	-0.000986208
0.0247759 	-450.958 	30.5697 	1.73755 	0 	1.55938 	-12.7142 	0 	-1.55835 	0 	-0.00102279
0.0253466 	-450.797 	31.972 	1.82343 	0 	1.60697 	-13.0919 	0 	-1.60586 	0 	-0.00111582
0.0259439 	-450.785 	33.4013 	1.9109 	0 	1.64408 	-13.5083 	0 	-1.64288 	0 	-0.00120334
0.026569 	-450.937 	34.8532 	1.99887 	0 	1.67178 	-13.9702 	0 	-1.67052 	0 	-0.00125687
0.0272234 	-451.265 	36.3237 	2.08642 	0 	1.69173 	-14.4779 	0 	-1.69039 	0 	-0.00133794
0.0279083 	-451.783 	37.8106 	2.17287 	0 	1.70546 	-15.0292 	0 	-1.70406 	0 	-0.0014059
0.0286252 	-452.502 	39.3126 	2.25774 	0 	1.71335 	-15.6167 	0 	-1.71188 	0 	-0.00146957
0.0293755 	-453.436 	40.8294 	2.34068 	0 	1.71436 	-16.2274 	0 	-1.71284 	0 	-0.0015183
0.0301609 	-454.597 	42.3606 	2.42137 	0 	1.70593 	-16.8423 	0 	-1.70438 	0 	-0.00154687
0.030983 	-456 	43.9057 	2.49948 	0 	1.68403 	-17.4372 	0 	-1.68248 	0 	-0.00154927
0.0318434 	-457.659 	45.4637 	2.57454 	0 	1.64339 	-17.983 	0 	-1.64186 	0 	-0.0015243
0.032744 	-459.587 	47.0322 	2.6459 	0 	1.57779 	-18.4471 	0 	-1.57633 	0 	-0.00145371
0.0336867 	-461.795 	48.608 	2.71273 	0 	1.48054 	-18.7947 	0 	-1.47916 	0 	-0.00137888
0.0346734 	-464.295 	50.1863 	2.77389 	0 	1.34551 	-18.9945 	0 	-1.34431 	0 	-0.00120434
0.0357061 	-467.09 	51.7613 	2.82808 	0 	1.16768 	-19.0075 	0 	-1.16674 	0 	-0.000943238
0.0367871 	-470.183 	53.3266 	2.87376 	0 	0.941745 	-18.8027 	0 	-0.940942 	0 	-0.000803055
0.0379185 	-473.578 	54.8735 	2.9089 	0 	0.659842 	-18.3689 	0 	-0.659151 	0 	-0.000691035
0.0391027 	-477.277 	56.3901 	2.9308 	0 	0.31888 	-17.7117 	0 	-0.318659 	0 	-0.000220821
0.0403423 	-481.248 	57.8628 	2.93661 	0 	-0.0704678 	-16.8127 	0 	0.0701105 	0 	0.000357299
0.0416397 	-485.439 	59.2797 	2.9238 	0 	-0.489879 	-15.6518 	0 	0.489116 	0 	0.000762349
0.0429977 	-489.802 	60.6294 	2.89 	0 	-0.92334 	-14.2609 	0 	0.922122 	0 	0.00121747
0.0444191 	-494.282 	61.8993 	2.83261 	0 	-1.35526 	-12.6822 	0 	1.35358 	0 	0.00167449
0.0459068 	-498.816 	63.0761 	2.74891 	0 	-1.76425 	-10.9674 	0 	1.76194 	0 	0.0023071
0.0474641 	-503.313 	64.1477 	2.63638 	0 	-2.12214 	-9.18246 	0 	2.11925 	0 	0.00289385
0.049094 	-507.67 	65.1043 	2.49281 	0 	-2.39647 	-7.40157 	0 	2.39306 	0 	0.00340597
0.0508 	-511.657 	65.9184 	2.3221 	0 	-2.55412 	-5.71305 	0 	2.55023 	0 	0.00388713
0.0523875 	-515.045 	66.5656 	2.13398 	0 	-2.57996 	-4.19636 	0 	2.57593 	0 	0.0040319
0.053975 	-517.851 	67.0641 	1.93078 	0 	-2.47553 	-2.87924 	0 	2.4714 	0 	0.00413393
0.0555625 	-520.102 	67.4344 	1.71179 	0 	-2.24194 	-1.78206 	0 	2.23796 	0 	0.00398443
0.05715 	-521.77 	67.6862 	1.47905 	0 	-1.88134 	-0.935767 	0 	1.87772 	0 	0.0036179
0.0587375 	-522.821 	67.8302 	1.23466 	0 	-1.39619 	-0.35974 	0 	1.39306 	0 	0.00312747
0.060325 	-523.232 	67.88 	0.980102 	0 	-0.793881 	-0.0665938 	0 	0.791996 	0 	0.00188419
0.0619125 	-523.144 	67.8683 	0.717692 	0 	-0.266826 	0.00656983 	0 	0.266227 	0 	0.00059933
0.0635 	-522.679 	67.8394 	0.455395 	0 	-0.0411856 	0.0033747 	0 	0.0410752 	0 	0.000110419
0.0650875 	-521.862 	67.8042 	0.194057 	0 	-0.116117 	0.0316765 	0 	0.115841 	0 	0.000276053
0.066675 	-520.728 	67.6956 	-0.0644741 	0 	-0.571026 	0.35316 	0 	0.569904 	0 	0.00112159
0.0682625 	-519.235 	67.4054 	-0.307573 	0 	-1.23586 	1.30403 	0 	1.23295 	0 	0.00291039
0.06985 	-517.144 	66.889 	-0.534188 	0 	-1.79062 	2.89028 	0 	1.78735 	0 	0.00326935
0.0714375 	-514.408 	66.1599 	-0.7471 	0 	-2.21339 	4.92221 	0 	2.21007 	0 	0.00331976
0.073025 	-511.11 	65.236 	-0.946243 	0 	-2.52105 	7.22554 	0 	2.51755 	0 	0.0034942
0.0746125 	-507.258 	64.1371 	-1.13308 	0 	-2.7213 	9.64152 	0 	2.71818 	0 	0.00312614
0.0762 	-502.823 	62.8574 	-1.31024 	0 	-2.81627 	12.0795 	0 	2.81317 	0 	0.00310014
0.077906 	-497.779 	61.3962 	-1.47791 	0 	-2.80242 	14.4627 	0 	2.80009 	0 	0.00233935
0.0795359 	-492.434 	59.8234 	-1.62787 	0 	-2.67927 	16.67 	0 	2.67746 	0 	0.00181204
0.0810932 	-487.058 	58.1965 	-1.75577 	0 	-2.46318 	18.6434 	0 	2.4618 	0 	0.00137229
0.0825809 	-481.75 	56.528 	-1.86251 	0 	-2.17553 	20.3747 	0 	2.1746 	0 	0.000923271
0.0840023 	-476.588 	54.8284 	-1.9491 	0 	-1.83926 	21.8539 	0 	1.83873 	0 	0.000530757
0.0853603 	-471.633 	53.1073 	-2.01689 	0 	-1.47678 	23.072 	0 	1.47652 	0 	0.000259951
0.0866577 	-466.923 	51.3733 	-2.06741 	0 	-1.10656 	24.0211 	0 	1.10642 	0 	0.000140645
0.0878973 	-462.482 	49.6339 	-2.10231 	0 	-0.745985 	24.6889 	0 	0.746293 	0 	-0.000308337
0.0890815 	-458.341 	47.8968 	-2.12347 	0 	-0.414627 	25.0886 	0 	0.415231 	0 	-0.000604656
0.0902129 	-454.513 	46.1702 	-2.13295 	0 	-0.124244 	25.2372 	0 	0.124763 	0 	-0.000518956
0.0912939 	-450.983 	44.4606 	-2.13272 	0 	0.124867 	25.1301 	0 	-0.124227 	0 	-0.000639987
0.0923266 	-447.744 	42.773 	-2.12439 	0 	0.334552 	24.7905 	0 	-0.333759 	0 	-0.000793067
0.0933133 	-444.784 	41.1108 	-2.10932 	0 	0.507285 	24.2583 	0 	-0.506525 	0 	-0.00075992
0.094256 	-442.09 	39.4772 	-2.08862 	0 	0.64872 	23.5669 	0 	-0.647933 	0 	-0.000786265
0.0951566 	-439.644 	37.8738 	-2.06309 	0 	0.765465 	22.755 	0 	-0.764625 	0 	-0.000840381
0.096017 	-437.433 	36.3008 	-2.03325 	0 	0.864085 	21.8643 	0 	-0.863237 	0 	-0.000848359
0.0968391 	-435.44 	34.7571 	-1.99935 	0 	0.951455 	20.9364 	0 	-0.950595 	0 	-0.000859571
0.0976245 	-433.65 	33.2399 	-1.96138 	0 	1.03369 	20.0101 	0 	-1.03283 	0 	-0.000856363
0.0983748 	-432.046 	31.745 	-1.91911 	0 	1.11549 	19.119 	0 	-1.11464 	0 	-0.000852046
0.0990917 	-430.612 	30.2668 	-1.8721 	0 	1.19935 	18.29 	0 	-1.19854 	0 	-0.000808603
0.0997766 	-429.334 	28.7987 	-1.81986 	0 	1.28485 	17.5453 	0 	-1.28372 	0 	-0.00112381
0.100431 	-428.202 	27.3331 	-1.76202 	0 	1.37078 	16.8918 	0 	-1.36993 	0 	-0.000851452
0.101056 	-427.189 	25.8608 	-1.69791 	0 	1.4582 	16.3053 	0 	-1.45777 	0 	-0.000432799
0.101653 	-426.269 	24.372 	-1.62676 	0 	1.54678 	15.7851 	0 	-1.54589 	0 	-0.000888281
