0 	-661.822 	0 	0 	0 	0.0161367 	-2.47455 	5.94693e-24 	0.000759471 	2.32482e-23 	-0.0168961
3.02987e-06 	-661.821 	0.240495 	1.63792e-05 	-1.18261e-24 	0.000995963 	-1.86835 	3.1981e-25 	-0.000980337 	4.54064e-23 	-1.56259e-05
6.20279e-06 	-661.82 	0.727918 	0.000192608 	-1.81706e-23 	0.00289017 	-2.4755 	5.4664e-24 	-0.00287726 	-6.67431e-24 	-1.29126e-05
9.52565e-06 	-661.819 	1.24075 	0.000605964 	3.33461e-24 	0.00485299 	-2.47509 	-7.51728e-26 	-0.00486867 	-4.35658e-23 	1.56838e-05
1.30057e-05 	-661.818 	1.77807 	0.00123794 	-8.18273e-25 	0.00675868 	-2.47419 	3.6427e-24 	-0.00675607 	-4.07495e-23 	-2.60658e-06
1.66504e-05 	-661.816 	2.33807 	0.00211293 	2.25357e-23 	0.00864627 	-2.47301 	-1.23166e-23 	-0.00864462 	-5.04593e-23 	-1.64395e-06
2.04678e-05 	-661.815 	2.91678 	0.00323618 	2.1474e-23 	0.0105195 	-2.47148 	-8.65171e-24 	-0.0105193 	3.06521e-25 	-1.48305e-07
2.44662e-05 	-661.813 	3.50696 	0.004607 	2.23615e-23 	0.0124604 	-2.46993 	-1.94808e-23 	-0.0124625 	4.23236e-23 	2.11259e-06
2.86543e-05 	-661.81 	4.09844 	0.00622129 	6.24165e-25 	0.014568 	-2.46787 	4.092e-25 	-0.0145718 	1.39221e-22 	3.81838e-06
3.30413e-05 	-661.807 	4.68047 	0.0080716 	-4.50634e-23 	0.0168688 	-2.46228 	2.73764e-23 	-0.0168722 	3.288e-24 	3.37715e-06
3.76368e-05 	-661.803 	5.24467 	0.0101436 	1.5641e-25 	0.0192496 	-2.44848 	4.47982e-25 	-0.019251 	-9.77755e-23 	1.47053e-06
4.24508e-05 	-661.799 	5.78629 	0.0124096 	1.25219e-24 	0.021468 	-2.42227 	-1.90475e-24 	-0.0214678 	3.54089e-22 	-1.81717e-07
4.7494e-05 	-661.794 	6.3035 	0.0148236 	-1.59328e-22 	0.0232188 	-2.38074 	2.37135e-22 	-0.0232179 	1.60274e-23 	-8.31097e-07
5.27774e-05 	-661.789 	6.79598 	0.0173195 	-3.48378e-24 	0.0242015 	-2.32179 	3.02712e-24 	-0.0242007 	-7.43802e-22 	-7.49655e-07
5.83126e-05 	-661.784 	7.26371 	0.019813 	1.55844e-22 	0.0241612 	-2.24373 	-2.41682e-22 	-0.0241608 	-1.45215e-21 	-4.24966e-07
6.41118e-05 	-661.779 	7.70636 	0.0222042 	5.93355e-22 	0.022901 	-2.14523 	-1.2268e-21 	-0.022901 	-1.11956e-21 	-7.78611e-08
7.01879e-05 	-661.775 	8.12293 	0.0243794 	5.89297e-22 	0.0202792 	-2.02542 	-1.29868e-21 	-0.0202795 	3.60911e-21 	2.70836e-07
7.65542e-05 	-661.771 	8.5117 	0.0262121 	-8.76659e-22 	0.0161988 	-1.88396 	1.9338e-21 	-0.0161993 	2.3484e-21 	5.17701e-07
8.32248e-05 	-661.768 	8.87022 	0.0275631 	-2.95266e-22 	0.0105936 	-1.72106 	5.58674e-22 	-0.0105942 	-5.76653e-23 	5.99119e-07
9.02144e-05 	-661.766 	9.19535 	0.0282805 	-8.91059e-22 	0.00341669 	-1.53745 	2.20431e-21 	-0.0034173 	5.83057e-21 	6.10883e-07
9.75386e-05 	-661.765 	9.48342 	0.0282006 	-2.65135e-21 	-0.00536736 	-1.33443 	6.602e-21 	0.0053669 	-4.76132e-21 	4.51996e-07
0.000105214 	-661.765 	9.73038 	0.0271505 	1.1921e-21 	-0.0157863 	-1.11376 	-2.80497e-21 	0.0157863 	-1.68703e-20 	8.28095e-09
0.000113256 	-661.766 	9.93213 	0.0249531 	4.15167e-21 	-0.0278555 	-0.877681 	-1.03911e-20 	0.0278561 	2.45132e-21 	-5.42914e-07
0.000121685 	-661.769 	10.0849 	0.0214367 	2.40511e-25 	-0.0415592 	-0.628887 	-1.05141e-22 	0.0415602 	1.46857e-20 	-9.23065e-07
0.000130518 	-661.773 	10.1857 	0.0164459 	-1.77638e-21 	-0.0568172 	-0.370579 	4.58022e-21 	0.056818 	2.06209e-22 	-7.81876e-07
0.000139775 	-661.779 	10.233 	0.00985381 	0 	-0.0734466 	-0.106707 	4.9601e-23 	0.0734467 	-4.47313e-21 	-1.5427e-07
0.000149476 	-661.787 	10.2263 	0.00156977 	0 	-0.0911346 	0.157749 	5.62139e-23 	0.091134 	1.08636e-23 	5.76874e-07
0.000159644 	-661.795 	10.1669 	-0.00845722 	1.59541e-23 	-0.10944 	0.416658 	-6.03942e-22 	0.109439 	2.79304e-21 	1.30337e-06
0.000170301 	-661.805 	10.0574 	-0.0202391 	-1.1303e-21 	-0.127811 	0.662824 	2.95854e-21 	0.127809 	8.71032e-23 	1.58644e-06
0.000181471 	-661.816 	9.9016 	-0.0337513 	-1.67446e-23 	-0.145616 	0.88831 	6.25606e-22 	0.145614 	-8.593e-21 	1.62757e-06
0.000193179 	-661.828 	9.70419 	-0.0489342 	2.26882e-21 	-0.162178 	1.08488 	-6.2802e-21 	0.162177 	2.56591e-21 	1.68955e-06
0.000205451 	-661.84 	9.47091 	-0.0656949 	-1.14444e-21 	-0.176791 	1.24444 	3.21785e-21 	0.176789 	3.12199e-21 	1.59988e-06
0.000218315 	-661.852 	9.20835 	-0.0839081 	1.1811e-21 	-0.188767 	1.35971 	-2.08074e-21 	0.188765 	-5.77821e-21 	1.92019e-06
0.000231799 	-661.864 	8.92389 	-0.103418 	1.10659e-21 	-0.197447 	1.42466 	-3.29696e-21 	0.197444 	1.99527e-20 	2.63481e-06
0.000245933 	-661.875 	8.62556 	-0.124043 	-7.1968e-21 	-0.202253 	1.43506 	1.51528e-20 	0.202249 	-8.14234e-21 	3.5008e-06
0.00026075 	-661.886 	8.32199 	-0.145581 	5.2e-21 	-0.202793 	1.38946 	-8.83636e-21 	0.202789 	-1.71574e-20 	4.1346e-06
0.000276283 	-661.895 	8.02235 	-0.167812 	-4.96653e-22 	-0.198939 	1.28978 	-1.84566e-21 	0.198934 	3.4271e-20 	4.81537e-06
0.000292566 	-661.903 	7.73621 	-0.190513 	-1.0522e-20 	-0.1909 	1.14198 	1.65913e-20 	0.190894 	-1.08847e-20 	6.01894e-06
0.000309637 	-661.909 	7.47328 	-0.213475 	6.23809e-21 	-0.179284 	0.956478 	-5.34727e-21 	0.179277 	-4.00153e-20 	7.28518e-06
0.000327533 	-661.913 	7.24291 	-0.23654 	9.34202e-21 	-0.165151 	0.748263 	-8.6284e-21 	0.165142 	1.00044e-20 	8.50072e-06
0.000346296 	-661.916 	7.05321 	-0.25966 	-6.75564e-22 	-0.149983 	0.536388 	-2.06597e-21 	0.149974 	9.5383e-21 	9.7079e-06
0.000365967 	-661.918 	6.90957 	-0.282993 	4.24306e-21 	-0.135551 	0.342417 	-2.90137e-21 	0.13554 	1.20449e-20 	1.11335e-05
0.000386591 	-661.919 	6.8126 	-0.307034 	-9.63744e-21 	-0.1236 	0.187468 	5.266e-21 	0.123586 	-6.81532e-21 	1.3955e-05
0.000408215 	-661.921 	6.75555 	-0.332788 	1.32896e-20 	-0.11532 	0.0875168 	-1.6127e-21 	0.115299 	-2.13817e-20 	2.06249e-05
0.000430887 	-661.924 	6.72213 	-0.361919 	6.07292e-21 	-0.110657 	0.0472161 	-6.41024e-21 	0.110618 	4.22385e-20 	3.87016e-05
0.000454659 	-661.93 	6.68678 	-0.396763 	-3.83544e-20 	-0.107802 	0.0541775 	8.82837e-21 	0.107744 	2.25695e-20 	5.81432e-05
0.000479584 	-661.942 	6.62125 	-0.439993 	-1.32984e-20 	-0.103571 	0.0792771 	3.25073e-21 	0.103541 	-2.29668e-20 	2.97245e-05
0.00050572 	-661.963 	6.51097 	-0.493579 	1.82738e-22 	-0.0959334 	0.091735 	-9.26165e-22 	0.0959685 	-2.4506e-20 	-3.51127e-05
0.000533125 	-661.999 	6.37239 	-0.556871 	4.36643e-20 	-0.087102 	0.0811377 	-5.02734e-21 	0.0871547 	3.91203e-21 	-5.26794e-05
0.000561861 	-662.052 	6.2431 	-0.626444 	-2.85231e-20 	-0.0804336 	0.0576087 	-4.05499e-22 	0.0804468 	7.92356e-21 	-1.31818e-05
0.000591994 	-662.118 	6.14799 	-0.699242 	2.70238e-20 	-0.0764728 	0.034036 	8.92217e-22 	0.0764551 	-2.02562e-20 	1.77145e-05
0.000623593 	-662.198 	6.08801 	-0.774267 	4.95505e-20 	-0.0741993 	0.0160245 	-1.33476e-21 	0.0741825 	1.72816e-20 	1.68311e-05
0.000656728 	-662.289 	6.05581 	-0.851387 	-4.96441e-20 	-0.0725741 	0.00296734 	2.15958e-21 	0.0725656 	1.29836e-20 	8.44304e-06
0.000691476 	-662.392 	6.04612 	-0.930524 	0 	-0.0710085 	-0.0070925 	-1.55161e-22 	0.071004 	-4.25332e-20 	4.42929e-06
0.000727916 	-662.509 	6.05608 	-1.01155 	1.46623e-19 	-0.0693177 	-0.0151933 	-5.35539e-22 	0.0693127 	-2.19948e-20 	4.95059e-06
0.00076613 	-662.64 	6.08343 	-1.09434 	9.82204e-20 	-0.0677005 	-0.021049 	-7.56313e-22 	0.0676992 	2.16783e-20 	1.33969e-06
0.000806206 	-662.787 	6.12267 	-1.17934 	4.0692e-20 	-0.0667328 	-0.0235289 	-5.06723e-21 	0.0667332 	5.70745e-20 	-4.34471e-07
0.000848235 	-662.952 	6.16404 	-1.26787 	-2.05212e-19 	-0.0667197 	-0.0227859 	8.27583e-21 	0.0667167 	4.07831e-20 	2.93694e-06
0.000892313 	-663.136 	6.20061 	-1.36133 	-1.74866e-19 	-0.0673183 	-0.0206921 	5.54155e-21 	0.0673167 	-6.76236e-20 	1.50749e-06
0.00093854 	-663.342 	6.23102 	-1.4605 	1.92622e-19 	-0.0681518 	-0.0187271 	-9.23563e-21 	0.0681515 	-4.41509e-20 	2.62794e-07
0.000987023 	-663.572 	6.25594 	-1.56588 	7.32077e-20 	-0.069074 	-0.0172224 	-1.60406e-21 	0.069073 	3.1517e-20 	1.08643e-06
0.00103787 	-663.83 	6.27604 	-1.67796 	5.49384e-23 	-0.070086 	-0.0160795 	2.2003e-22 	0.070085 	2.05609e-20 	9.6161e-07
0.0010912 	-664.12 	6.2916 	-1.79732 	-6.12992e-20 	-0.0712137 	-0.015201 	3.77967e-21 	0.0712134 	8.82329e-21 	3.06982e-07
0.00114714 	-664.444 	6.30284 	-1.92463 	-6.13275e-20 	-0.0724707 	-0.0145724 	1.78992e-21 	0.0724707 	-8.5273e-21 	9.91544e-09
0.0012058 	-664.807 	6.31003 	-2.06062 	0 	-0.0738549 	-0.0142091 	-1.8384e-21 	0.0738552 	4.39344e-21 	-2.73302e-07
0.00126734 	-665.214 	6.31359 	-2.20608 	-1.02564e-19 	-0.0753504 	-0.0141269 	4.47624e-21 	0.0753509 	-5.18073e-21 	-5.61973e-07
0.00133188 	-665.672 	6.31406 	-2.36186 	4.39098e-20 	-0.0769363 	-0.0143374 	-4.69568e-21 	0.0769372 	-2.41338e-20 	-9.05331e-07
0.00139957 	-666.185 	6.31212 	-2.52886 	9.9489e-20 	-0.0786064 	-0.014854 	-4.63052e-21 	0.0786078 	-8.35661e-21 	-1.37355e-06
0.00147058 	-666.763 	6.30865 	-2.70805 	1.25316e-19 	-0.0803887 	-0.015702 	1.9071e-21 	0.0803906 	1.09083e-20 	-1.8233e-06
0.00154506 	-667.413 	6.30472 	-2.90048 	1.01111e-20 	-0.0822729 	-0.0169044 	1.19823e-22 	0.0822753 	2.18912e-20 	-2.34279e-06
0.00162319 	-668.146 	6.30169 	-3.10721 	-8.54177e-20 	-0.0842462 	-0.0184806 	-1.21014e-21 	0.0842493 	-6.33747e-21 	-3.02425e-06
0.00170513 	-668.972 	6.30114 	-3.32938 	7.68743e-20 	-0.0862737 	-0.0204401 	-2.69321e-21 	0.0862776 	-1.38424e-20 	-3.88991e-06
0.0017911 	-669.905 	6.30495 	-3.56809 	6.78006e-20 	-0.0883093 	-0.022791 	-1.01155e-21 	0.0883143 	7.7417e-21 	-5.00892e-06
0.00188127 	-670.96 	6.31528 	-3.82438 	4.30476e-21 	-0.0902909 	-0.0255425 	1.02826e-21 	0.0902974 	1.62574e-20 	-6.44807e-06
0.00197585 	-672.153 	6.33471 	-4.09918 	-1.23596e-19 	-0.0921317 	-0.0287081 	4.35653e-21 	0.0921401 	7.84566e-21 	-8.38974e-06
0.00207507 	-673.502 	6.36637 	-4.39312 	-1.15531e-19 	-0.0937228 	-0.032307 	-6.59881e-22 	0.0937338 	-1.16786e-20 	-1.10345e-05
0.00217916 	-675.027 	6.41417 	-4.70635 	-3.45391e-21 	-0.0949147 	-0.0363585 	-2.03907e-22 	0.0949294 	-5.59847e-21 	-1.46808e-05
0.00228834 	-676.75 	6.48302 	-5.03827 	-4.75647e-20 	-0.0954657 	-0.0408446 	4.85569e-21 	0.0954855 	-1.35266e-20 	-1.98312e-05
0.00240289 	-678.692 	6.57909 	-5.38708 	1.81286e-19 	-0.0950324 	-0.0456727 	-7.18523e-21 	0.0950595 	-1.11038e-20 	-2.70446e-05
0.00252304 	-680.873 	6.70993 	-5.74922 	1.9366e-19 	-0.0932026 	-0.0506338 	-8.16656e-21 	0.0932392 	2.71657e-20 	-3.65944e-05
0.00264909 	-683.311 	6.88439 	-6.11865 	-1.69927e-19 	-0.0894907 	-0.055333 	5.45309e-21 	0.0895389 	1.27137e-20 	-4.81455e-05
0.00278133 	-686.017 	7.11216 	-6.48618 	-8.28576e-20 	-0.0834158 	-0.0591395 	4.33161e-21 	0.0834766 	-1.26454e-20 	-6.08395e-05
0.00292006 	-688.994 	7.40265 	-6.83916 	0 	-0.0746385 	-0.0611731 	2.28566e-21 	0.0747123 	-4.79514e-21 	-7.38481e-05
0.0030656 	-692.232 	7.76327 	-7.16223 	0 	-0.0632344 	-0.0604376 	4.02396e-23 	0.0633212 	-3.29563e-23 	-8.67707e-05
0.00321828 	-695.714 	8.1971 	-7.43966 	5.15904e-22 	-0.0499455 	-0.0560915 	-5.2007e-21 	0.0500451 	-7.68333e-23 	-9.9566e-05
0.00337846 	-699.413 	8.70088 	-7.65947 	5.26295e-22 	-0.0362232 	-0.0477963 	-1.11134e-22 	0.0363306 	2.70019e-21 	-0.000107397
0.00354651 	-703.301 	9.26416 	-7.8178 	-5.85089e-20 	-0.0239263 	-0.0359492 	1.06569e-20 	0.0240307 	-2.24841e-21 	-0.00010443
0.00372281 	-707.348 	9.86982 	-7.92163 	-3.68256e-21 	-0.0148384 	-0.0215593 	2.07793e-21 	0.0149294 	-5.04097e-21 	-9.10791e-05
0.00390778 	-711.539 	10.4948 	-7.98914 	5.48377e-20 	-0.0104587 	-0.00597813 	-6.13883e-21 	0.0105162 	2.22324e-21 	-5.75542e-05
0.00410184 	-715.885 	11.1123 	-8.04958 	0 	-0.0120181 	0.00904588 	-1.55617e-21 	0.0120159 	2.2717e-21 	2.23271e-06
0.00430544 	-720.464 	11.6993 	-8.1433 	0 	-0.0200087 	0.0207718 	0 	0.0199241 	0 	8.46347e-05
0.00451905 	-725.443 	12.2485 	-8.31454 	0 	-0.0325484 	0.0254287 	0 	0.0323928 	0 	0.00015567
0.00474317 	-731.049 	12.773 	-8.5884 	0 	-0.0440761 	0.0200489 	0 	0.0439202 	0 	0.000155932
0.00497831 	-737.466 	13.2857 	-8.93428 	0 	-0.0451609 	0.0046177 	5.20931e-23 	0.0450899 	1.24216e-21 	7.10199e-05
0.00522502 	-744.745 	13.7579 	-9.25494 	-4.00544e-20 	-0.0334448 	-0.0127068 	5.82469e-21 	0.0334164 	2.28117e-22 	2.8417e-05
0.00548386 	-752.856 	14.1034 	-9.45957 	-7.55614e-20 	-0.0185233 	-0.0217821 	6.74829e-21 	0.0185083 	-3.08397e-21 	1.50322e-05
0.00575545 	-761.413 	14.2464 	-9.55713 	-8.3111e-20 	-0.00918677 	-0.0241496 	7.59553e-21 	0.00921478 	-1.26944e-20 	-2.80153e-05
0.00596911 	-769.766 	14.2494 	-9.6059 	1.31903e-19 	-0.00521782 	-0.0253879 	-1.05603e-20 	0.00519199 	8.94014e-22 	2.58237e-05
0.00617545 	-777.905 	14.1825 	-9.63063 	1.35286e-19 	-0.00222376 	-0.0252914 	-1.4908e-20 	0.00217215 	1.5284e-20 	5.16101e-05
0.00637474 	-786.07 	14.0276 	-9.63429 	-4.42155e-20 	0.000894977 	-0.0231104 	2.54001e-21 	-0.000925757 	1.42686e-20 	3.07799e-05
0.00656726 	-794.156 	13.7884 	-9.61942 	-2.97081e-19 	0.00372448 	-0.0199091 	2.02358e-20 	-0.00376034 	-2.23125e-20 	3.58579e-05
0.00675325 	-802.053 	13.4738 	-9.58899 	8.25881e-21 	0.00598177 	-0.0158977 	-4.97132e-21 	-0.00601397 	-2.49923e-20 	3.2204e-05
0.00693298 	-809.678 	13.0926 	-9.54911 	3.06382e-19 	0.00696638 	-0.0111579 	-2.07085e-20 	-0.00700091 	3.17493e-20 	3.45295e-05
0.00710667 	-816.962 	12.6598 	-9.5095 	-2.28823e-19 	0.00613325 	-0.0059259 	2.11532e-20 	-0.00616529 	-1.38072e-21 	3.20343e-05
0.00727457 	-823.865 	12.1906 	-9.48101 	8.09274e-21 	0.00303149 	-0.000265678 	-1.5161e-21 	-0.00306266 	-1.51536e-20 	3.11678e-05
0.0074369 	-830.366 	11.7019 	-9.47596 	1.06432e-19 	-0.00248441 	0.0056813 	-1.50885e-21 	0.00245911 	7.90197e-21 	2.5298e-05
0.00759387 	-836.469 	11.2086 	-9.5046 	2.52162e-21 	-0.0101371 	0.0118729 	2.9222e-22 	0.0101188 	1.23715e-20 	1.82066e-05
0.0077457 	-842.194 	10.722 	-9.57415 	-1.32411e-19 	-0.0192544 	0.0182637 	-9.2715e-22 	0.0192466 	-9.48421e-21 	7.83382e-06
0.00789259 	-847.57 	10.2481 	-9.68672 	5.21033e-21 	-0.0289038 	0.0248658 	-1.04909e-21 	0.0289051 	-5.55096e-21 	-1.35057e-06
0.00803473 	-852.631 	9.78788 	-9.83971 	-1.36623e-20 	-0.0381586 	0.0316954 	1.72908e-20 	0.0381677 	-5.36566e-22 	-9.14185e-06
0.00817232 	-857.41 	9.33817 	-10.0268 	-1.1784e-21 	-0.0462992 	0.0387707 	-1.04761e-20 	0.0463122 	-1.71595e-20 	-1.29971e-05
0.00830553 	-861.932 	8.89378 	-10.2396 	2.85778e-19 	-0.0529046 	0.046071 	-3.42002e-20 	0.0529182 	2.77349e-20 	-1.35486e-05
0.00843455 	-866.218 	8.44913 	-10.4695 	-1.4363e-19 	-0.0578076 	0.0535352 	6.91297e-21 	0.0578182 	-1.25866e-20 	-1.06174e-05
0.00855954 	-870.282 	7.99934 	-10.7084 	2.93834e-19 	-0.0609935 	0.0610627 	-1.08354e-20 	0.0609992 	2.45416e-20 	-5.72582e-06
0.00868067 	-874.134 	7.54058 	-10.949 	-1.50902e-19 	-0.0624679 	0.0685161 	5.11444e-21 	0.0624679 	3.50053e-20 	3.96746e-08
0.0087981 	-877.777 	7.06996 	-11.1845 	-4.41067e-19 	-0.0621842 	0.0757252 	1.04936e-20 	0.062179 	-6.64446e-20 	5.18506e-06
0.00891198 	-881.211 	6.5852 	-11.4086 	2.99124e-19 	-0.0600489 	0.0825063 	-3.30328e-21 	0.0600399 	-1.54694e-20 	9.01603e-06
0.00902247 	-884.434 	6.0844 	-11.6151 	1.50152e-19 	-0.0559737 	0.0886718 	2.3332e-22 	0.0559624 	4.51589e-20 	1.12815e-05
0.0091297 	-887.441 	5.5661 	-11.7982 	-1.53072e-19 	-0.0499615 	0.0940495 	-3.25219e-21 	0.0499491 	-3.64151e-21 	1.24137e-05
0.00923383 	-890.226 	5.02953 	-11.9529 	8.22113e-22 	-0.0421777 	0.0985018 	-1.73947e-21 	0.0421645 	-2.2982e-20 	1.31466e-05
0.00933498 	-892.783 	4.4749 	-12.0754 	1.53901e-19 	-0.0329719 	0.10193 	2.10695e-21 	0.0329576 	-1.05024e-20 	1.42627e-05
0.00943328 	-895.105 	3.9037 	-12.1637 	3.13867e-19 	-0.0228515 	0.10429 	-7.59916e-21 	0.0228351 	4.49898e-20 	1.63198e-05
0.00952887 	-897.189 	3.31868 	-12.2177 	-3.73958e-21 	-0.0124104 	0.105607 	3.76969e-21 	0.0123905 	5.15539e-20 	1.99202e-05
0.00962187 	-899.034 	2.72366 	-12.2391 	-3.17605e-19 	-0.00223567 	0.105966 	6.70428e-21 	0.00221091 	-6.2912e-20 	2.47655e-05
0.00971239 	-900.639 	2.12309 	-12.2313 	3.31612e-19 	0.00717111 	0.10551 	-8.71911e-21 	-0.00719983 	-2.15191e-20 	2.87186e-05
0.00980056 	-902.009 	1.52151 	-12.1986 	3.28929e-19 	0.0154542 	0.104415 	8.73688e-21 	-0.0154918 	1.27862e-19 	3.76436e-05
0.00988649 	-903.148 	0.923204 	-12.1457 	-6.87646e-19 	0.0224095 	0.102872 	6.01495e-21 	-0.0224658 	-1.22893e-20 	5.62786e-05
0.00997028 	-904.061 	0.331807 	-12.0773 	-3.36632e-19 	0.0279519 	0.101118 	-6.43081e-21 	-0.0280063 	-1.00127e-19 	5.43417e-05
0.010052 	-904.774 	-0.250195 	-11.998 	3.02109e-21 	0.0321619 	0.0994271 	-1.82122e-22 	-0.0322005 	-1.56001e-20 	3.86346e-05
0.0101319 	-905.317 	-0.821784 	-11.9116 	-1.67486e-19 	0.0351794 	0.0979872 	-6.15195e-21 	-0.0352241 	-1.85327e-20 	4.47364e-05
0.0102099 	-905.702 	-1.38243 	-11.8209 	5.52344e-22 	0.0370703 	0.0968279 	-5.81279e-21 	-0.0371195 	-3.31543e-20 	4.91765e-05
0.0102862 	-905.937 	-1.93143 	-11.729 	1.61038e-19 	0.0379596 	0.0959137 	7.90103e-22 	-0.0380084 	-6.76936e-20 	4.87647e-05
0.0103609 	-906.024 	-2.46813 	-11.638 	8.35662e-19 	0.0380178 	0.0952098 	3.6203e-20 	-0.0380751 	1.8849e-19 	5.72679e-05
0.010434 	-905.968 	-2.99187 	-11.5496 	-6.584e-19 	0.0373609 	0.0946715 	-1.5394e-20 	-0.0374025 	5.58567e-20 	4.15177e-05
0.0105057 	-905.79 	-3.49695 	-11.4661 	-4.84268e-19 	0.0361336 	0.0942612 	-3.52997e-20 	-0.0361553 	-2.28801e-19 	2.1736e-05
0.0105731 	-905.514 	-3.97689 	-11.3892 	8.46071e-19 	0.03439 	0.0938079 	2.28227e-20 	-0.034423 	9.74164e-20 	3.29906e-05
0.0106387 	-905.146 	-4.43364 	-11.3192 	-3.30871e-19 	0.032148 	0.0931039 	-9.394e-21 	-0.0321815 	7.55241e-20 	3.35378e-05
0.0107025 	-904.687 	-4.86989 	-11.2562 	-1.73207e-19 	0.0295355 	0.0921113 	-2.84049e-21 	-0.0295601 	-1.03964e-19 	2.45797e-05
0.0107645 	-904.143 	-5.28486 	-11.2003 	3.34335e-19 	0.0266306 	0.0908483 	1.91596e-20 	-0.0266523 	2.41059e-20 	2.16842e-05
0.0108249 	-903.522 	-5.67808 	-11.1518 	-2.02026e-22 	0.023483 	0.0893442 	2.61776e-21 	-0.0235009 	4.43809e-20 	1.78269e-05
0.0108838 	-902.832 	-6.04951 	-11.1107 	-1.34916e-20 	0.0201531 	0.0876459 	1.71129e-20 	-0.0201687 	1.30613e-21 	1.56101e-05
0.0109411 	-902.076 	-6.3996 	-11.0769 	-5.66302e-22 	0.0167014 	0.0858241 	-5.27389e-21 	-0.0167143 	-3.12564e-21 	1.29732e-05
0.0109969 	-901.261 	-6.72923 	-11.0502 	1.06192e-20 	0.0131995 	0.083975 	-1.81693e-20 	-0.0132109 	1.07734e-20 	1.13642e-05
0.0110512 	-900.392 	-7.03968 	-11.0303 	-7.89035e-20 	0.00972134 	0.0821606 	-8.62664e-21 	-0.00973117 	-2.38771e-20 	9.83197e-06
0.0111043 	-899.471 	-7.33248 	-11.0168 	7.88477e-20 	0.00634546 	0.0804375 	9.52286e-21 	-0.00635461 	-2.23337e-20 	9.15162e-06
0.0111559 	-898.503 	-7.6093 	-11.009 	1.61998e-19 	0.00314564 	0.0788395 	1.81704e-20 	-0.00315414 	3.86349e-20 	8.49572e-06
0.0112063 	-897.491 	-7.87177 	-11.0064 	4.13749e-21 	0.000188402 	0.0773628 	-1.22478e-21 	-0.000196764 	6.41718e-20 	8.36177e-06
0.0112555 	-896.437 	-8.12138 	-11.0083 	-2.44957e-19 	-0.00246983 	0.0759712 	-2.4794e-20 	0.00246113 	-1.58568e-20 	8.7083e-06
0.0113035 	-895.344 	-8.35942 	-11.0139 	-1.65274e-19 	-0.00478538 	0.0745922 	-1.50408e-20 	0.00477606 	-1.22924e-19 	9.3155e-06
0.0113503 	-894.214 	-8.58688 	-11.0227 	3.23097e-19 	-0.00673612 	0.0731861 	4.54613e-20 	0.00672602 	6.06551e-20 	1.01032e-05
0.0113961 	-893.049 	-8.80453 	-11.0338 	-1.56533e-19 	-0.00831493 	0.071704 	-3.46434e-20 	0.0083036 	5.07336e-20 	1.13286e-05
0.0114407 	-891.851 	-9.01289 	-11.0466 	-1.61921e-19 	-0.00952534 	0.0700752 	-2.63254e-20 	0.0095127 	-1.00506e-19 	1.26352e-05
0.0114844 	-890.623 	-9.21234 	-11.0605 	2.38646e-19 	-0.0103842 	0.0682622 	4.00322e-20 	0.0103701 	-1.00487e-20 	1.41239e-05
0.0115271 	-889.366 	-9.40314 	-11.0751 	1.60092e-19 	-0.0109178 	0.0662753 	3.07676e-20 	0.0109021 	4.65541e-20 	1.56444e-05
0.0115688 	-888.082 	-9.58551 	-11.0898 	1.59343e-19 	-0.0111535 	0.0641033 	2.84715e-20 	0.0111362 	3.25843e-20 	1.72336e-05
0.0116096 	-886.772 	-9.75962 	-11.1044 	1.58171e-19 	-0.0111188 	0.0617385 	3.47223e-20 	0.0110999 	1.13213e-19 	1.89079e-05
0.0116495 	-885.438 	-9.92564 	-11.1184 	-2.4015e-19 	-0.0108427 	0.0591878 	-3.89585e-20 	0.0108223 	7.25969e-20 	2.03754e-05
0.0116885 	-884.082 	-10.0837 	-11.1316 	-4.75581e-19 	-0.0103524 	0.0564605 	-9.63058e-20 	0.0103307 	-1.72102e-19 	2.17067e-05
0.0117268 	-882.706 	-10.2341 	-11.1438 	7.72931e-20 	-0.00967313 	0.0535931 	1.55348e-20 	0.0096502 	-1.43722e-19 	2.29295e-05
0.0117642 	-881.31 	-10.3768 	-11.1548 	3.16159e-19 	-0.00882832 	0.0505638 	6.52329e-20 	0.00880447 	7.47104e-20 	2.38514e-05
0.0118009 	-879.897 	-10.5121 	-11.1646 	8.08548e-20 	-0.0078404 	0.0473788 	1.6178e-20 	0.0078159 	1.37077e-19 	2.45004e-05
0.0118369 	-878.468 	-10.64 	-11.1729 	-2.34479e-19 	-0.00672661 	0.0440543 	-5.60865e-20 	0.0067017 	-4.32341e-20 	2.49127e-05
0.0118721 	-877.023 	-10.7606 	-11.1797 	4.25072e-21 	-0.00549974 	0.0405719 	-1.0352e-20 	0.00547487 	-1.05157e-19 	2.48683e-05
0.0119067 	-875.565 	-10.8741 	-11.185 	2.34099e-19 	-0.00417762 	0.0369234 	5.69668e-20 	0.00415312 	4.48999e-20 	2.45e-05
0.0119406 	-874.095 	-10.9804 	-11.1886 	7.54916e-20 	-0.00277141 	0.0331046 	2.9856e-20 	0.00274774 	1.49958e-19 	2.36761e-05
0.0119739 	-872.614 	-11.0796 	-11.1907 	-3.15702e-19 	-0.00128739 	0.0291087 	-8.00275e-20 	0.00126493 	-3.05549e-20 	2.2464e-05
0.0120065 	-871.124 	-11.1716 	-11.1912 	-1.56883e-19 	0.00026195 	0.0249255 	-4.33646e-20 	-0.000282694 	-1.37501e-19 	2.07439e-05
0.0120386 	-869.626 	-11.2566 	-11.19 	8.17074e-20 	0.00188592 	0.0205556 	1.65353e-20 	-0.00190439 	-1.6943e-20 	1.84721e-05
0.0120701 	-868.12 	-11.3344 	-11.1872 	8.08478e-23 	0.00359033 	0.0159972 	4.54447e-22 	-0.00360645 	7.90864e-22 	1.61282e-05
0.0121011 	-866.609 	-11.405 	-11.1827 	7.63313e-20 	0.00539007 	0.0112451 	2.57419e-20 	-0.00540317 	1.26383e-20 	1.31041e-05
0.0121315 	-865.093 	-11.4686 	-11.1765 	4.10397e-20 	0.00729776 	0.00630736 	1.08807e-20 	-0.0073075 	3.09714e-20 	9.73891e-06
0.0121614 	-863.575 	-11.5251 	-11.1685 	-2.01966e-22 	0.00934394 	0.00118787 	1.42795e-21 	-0.00934986 	2.11315e-20 	5.92495e-06
0.0121909 	-862.054 	-11.5745 	-11.1586 	-4.04958e-20 	0.0115384 	-0.00408041 	-1.24523e-20 	-0.0115402 	-3.3151e-20 	1.77608e-06
0.0122198 	-860.533 	-11.617 	-11.1468 	7.85961e-20 	0.0139242 	-0.00947669 	2.55031e-20 	-0.0139222 	-7.57126e-21 	-1.96623e-06
0.0122483 	-859.013 	-11.6528 	-11.1329 	7.7712e-20 	0.0166047 	-0.0150089 	2.73657e-20 	-0.0165981 	8.00538e-20 	-6.54905e-06
0.0122764 	-857.496 	-11.682 	-11.1167 	-1.20938e-19 	0.0195867 	-0.0206037 	-3.61422e-20 	-0.0195754 	2.90766e-20 	-1.12563e-05
0.0123041 	-855.981 	-11.7051 	-11.098 	-1.57648e-19 	0.0229156 	-0.0261921 	-5.40549e-20 	-0.0229001 	-1.09036e-19 	-1.54709e-05
0.0123313 	-854.473 	-11.7223 	-11.0764 	8.46243e-20 	0.026712 	-0.0317471 	2.07263e-20 	-0.0266923 	-4.34962e-20 	-1.97159e-05
0.0123582 	-852.97 	-11.7344 	-11.0517 	7.88554e-20 	0.0310774 	-0.0372131 	2.64116e-20 	-0.0310537 	3.86388e-20 	-2.37381e-05
0.0123846 	-851.476 	-11.7418 	-11.0235 	3.83657e-20 	0.0360288 	-0.0424652 	1.64626e-20 	-0.0360014 	2.50569e-20 	-2.7375e-05
0.0124107 	-849.991 	-11.7453 	-10.9912 	3.92496e-20 	0.0416724 	-0.0474402 	1.50418e-20 	-0.0416424 	5.56107e-20 	-3.00071e-05
0.0124365 	-848.518 	-11.7459 	-10.9543 	-1.00752e-19 	0.0481574 	-0.0521023 	-3.56878e-20 	-0.0481255 	-9.48374e-21 	-3.19112e-05
0.0124619 	-847.057 	-11.7444 	-10.9124 	-3.98773e-20 	0.0555725 	-0.0563768 	-1.29088e-20 	-0.0555388 	-2.49482e-20 	-3.37211e-05
0.012487 	-845.611 	-11.7418 	-10.8647 	-6.23254e-20 	0.0638603 	-0.0601348 	-2.05857e-20 	-0.0638257 	-3.2587e-20 	-3.462e-05
0.0125118 	-844.181 	-11.7395 	-10.8107 	5.72749e-22 	0.0729843 	-0.0632286 	-7.06785e-22 	-0.0729513 	-5.191e-20 	-3.30447e-05
0.0125363 	-842.769 	-11.7387 	-10.7498 	1.01207e-19 	0.0831102 	-0.0655979 	3.641e-20 	-0.0830791 	3.20935e-20 	-3.11275e-05
0.0125605 	-841.376 	-11.7409 	-10.6816 	9.54213e-21 	0.0942885 	-0.0670981 	4.46405e-21 	-0.0942603 	4.28259e-20 	-2.81245e-05
0.0125844 	-840.004 	-11.7477 	-10.6056 	-1.92491e-20 	0.106128 	-0.0674238 	-7.32407e-21 	-0.106103 	-8.02423e-21 	-2.46266e-05
0.012608 	-838.656 	-11.7609 	-10.5213 	1.09025e-20 	0.118477 	-0.0663437 	3.14157e-21 	-0.118448 	-6.53548e-21 	-2.8738e-05
0.0126314 	-837.332 	-11.7827 	-10.4285 	1.01592e-20 	0.131781 	-0.0637377 	3.48964e-21 	-0.131784 	1.23892e-20 	2.8353e-06
0.0126545 	-836.031 	-11.8153 	-10.3267 	-1.55915e-20 	0.14595 	-0.0594364 	-5.72062e-21 	-0.146014 	1.56025e-21 	6.40287e-05
0.0126774 	-834.755 	-11.8607 	-10.2155 	-1.04378e-20 	0.160516 	-0.0530172 	-3.84271e-21 	-0.160442 	-5.24464e-21 	-7.35602e-05
0.0127 	-833.542 	-11.9213 	-10.0972 	-1.06183e-20 	0.175644 	-0.0437067 	-3.92683e-21 	-0.175504 	-8.8125e-21 	-0.000139936
0.0127213 	-832.396 	-12.0001 	-9.97133 	4.05399e-21 	0.191472 	-0.0326523 	1.97852e-21 	-0.191549 	-3.85124e-21 	7.7026e-05
0.0127432 	-831.237 	-12.0989 	-9.83409 	5.4231e-21 	0.207192 	-0.0228207 	2.04469e-21 	-0.207316 	5.30947e-21 	0.00012351
0.0127655 	-830.014 	-12.216 	-9.68366 	-5.78195e-21 	0.221959 	-0.0150691 	-2.28768e-21 	-0.222015 	-8.32589e-21 	5.56447e-05
0.0127884 	-828.72 	-12.3496 	-9.51974 	2.41513e-20 	0.236919 	-0.0084773 	8.72598e-21 	-0.236976 	3.03657e-21 	5.72561e-05
0.0128118 	-827.354 	-12.4978 	-9.34263 	1.37638e-21 	0.250421 	-0.003763 	5.70272e-22 	-0.250483 	1.29968e-20 	6.21381e-05
0.0128358 	-825.914 	-12.6575 	-9.15282 	-1.44547e-20 	0.260977 	-0.00165265 	-6.11162e-21 	-0.261054 	-7.24127e-21 	7.73723e-05
0.0128603 	-824.399 	-12.8251 	-8.95117 	-5.81092e-22 	0.271171 	-0.00188443 	1.64313e-23 	-0.271247 	-2.17403e-20 	7.58431e-05
0.0128854 	-822.809 	-12.9953 	-8.73887 	5.75472e-20 	0.278263 	-0.00531168 	1.92036e-20 	-0.278336 	4.42199e-20 	7.35947e-05
0.0129112 	-821.146 	-13.1621 	-8.51734 	-8.25302e-20 	0.281714 	-0.0122257 	-2.48986e-20 	-0.281794 	2.07185e-20 	7.99087e-05
0.0129376 	-819.413 	-13.3191 	-8.28831 	-5.58637e-20 	0.282923 	-0.022415 	-1.99301e-20 	-0.282995 	-9.08246e-20 	7.245e-05
0.0129646 	-817.615 	-13.4591 	-8.05384 	1.48182e-19 	0.281343 	-0.0359282 	4.24455e-20 	-0.281398 	8.34268e-21 	5.56588e-05
0.0129923 	-815.758 	-13.5749 	-7.81612 	-1.31423e-20 	0.27584 	-0.0513052 	1.03588e-21 	-0.275889 	9.04217e-20 	4.92485e-05
0.0130207 	-813.849 	-13.6605 	-7.57744 	-1.33364e-19 	0.267608 	-0.0679458 	-3.13051e-20 	-0.267645 	3.38973e-21 	3.73898e-05
0.0130499 	-811.896 	-13.711 	-7.34029 	-7.06103e-20 	0.257282 	-0.0848774 	-2.03551e-20 	-0.257299 	-4.31644e-20 	1.77443e-05
0.0130798 	-809.906 	-13.7232 	-7.10694 	-3.44973e-21 	0.244502 	-0.10117 	-4.24396e-21 	-0.244502 	-6.5846e-21 	-2.61307e-07
0.0131105 	-807.888 	-13.6954 	-6.87954 	-3.55022e-20 	0.231063 	-0.116578 	-7.02426e-21 	-0.231035 	-2.98051e-20 	-2.79062e-05
0.013142 	-805.849 	-13.6273 	-6.65987 	7.89818e-20 	0.216595 	-0.130231 	1.53905e-20 	-0.216538 	-6.51158e-20 	-5.64034e-05
0.0131744 	-803.796 	-13.5198 	-6.4493 	2.30517e-19 	0.201686 	-0.141858 	4.51757e-20 	-0.2016 	5.55471e-20 	-8.64228e-05
0.0132076 	-801.735 	-13.3751 	-6.24887 	-5.08779e-20 	0.186711 	-0.151274 	-1.25779e-20 	-0.18659 	7.72436e-20 	-0.000120518
0.0132417 	-799.671 	-13.196 	-6.05919 	-1.15715e-19 	0.17207 	-0.158486 	-2.23116e-20 	-0.171918 	-3.54187e-20 	-0.000152665
0.0132767 	-797.609 	-12.9861 	-5.88051 	5.0936e-20 	0.158017 	-0.163401 	1.37282e-20 	-0.157836 	-2.02566e-20 	-0.000181209
0.0133128 	-795.553 	-12.7493 	-5.71273 	0 	0.144954 	-0.166331 	1.16825e-21 	-0.144747 	-1.32038e-20 	-0.000206451
0.0133498 	-793.503 	-12.4899 	-5.5555 	1.12673e-19 	0.133006 	-0.167425 	1.98843e-20 	-0.132779 	6.42184e-20 	-0.000226334
0.0133879 	-791.463 	-12.212 	-5.4082 	-2.57111e-19 	0.1222 	-0.166914 	-3.71809e-20 	-0.121961 	3.31506e-20 	-0.000239311
0.013427 	-789.434 	-11.9195 	-5.27003 	-1.11529e-19 	0.112645 	-0.165164 	-1.67533e-20 	-0.112398 	-9.00039e-20 	-0.000247407
0.0134673 	-787.417 	-11.6161 	-5.14002 	1.32475e-19 	0.104341 	-0.162507 	1.28662e-20 	-0.104091 	-7.66168e-20 	-0.00024958
0.0135088 	-785.412 	-11.3051 	-5.01709 	3.18989e-19 	0.0972127 	-0.159171 	3.67275e-20 	-0.0969661 	-7.80535e-20 	-0.000246598
0.0135514 	-783.419 	-10.9891 	-4.90011 	5.79283e-19 	0.0912057 	-0.155488 	7.1699e-20 	-0.0909645 	1.42969e-19 	-0.000241178
0.0135954 	-781.441 	-10.6707 	-4.78788 	-3.25491e-19 	0.0862289 	-0.151629 	-4.51144e-20 	-0.085995 	2.68423e-19 	-0.000233906
0.0136406 	-779.477 	-10.3518 	-4.67924 	-9.24506e-19 	0.0820939 	-0.147489 	-7.45092e-20 	-0.0818686 	-1.42638e-19 	-0.00022525
0.0136872 	-777.529 	-10.0345 	-4.573 	3.01796e-19 	0.0788638 	-0.14335 	3.28238e-20 	-0.0786462 	-1.51578e-19 	-0.000217619
0.0137352 	-775.597 	-9.72058 	-4.46801 	-1.2192e-20 	0.0761996 	-0.138898 	-9.3229e-21 	-0.075987 	1.10896e-19 	-0.000212558
0.0137847 	-773.682 	-9.41111 	-4.36311 	-2.98307e-19 	0.0737976 	-0.133811 	-2.60374e-20 	-0.073588 	-5.83052e-20 	-0.000209666
0.0138357 	-771.786 	-9.10641 	-4.25719 	3.07097e-19 	0.0722443 	-0.129304 	2.09321e-20 	-0.0720386 	-4.5048e-20 	-0.000205701
0.0138883 	-769.908 	-8.80611 	-4.14908 	-4.37083e-22 	0.0709617 	-0.124287 	1.71267e-22 	-0.0707532 	3.49584e-21 	-0.000208542
0.0139425 	-768.05 	-8.51006 	-4.0378 	3.35007e-19 	0.0702982 	-0.119754 	1.54221e-20 	-0.0700876 	4.80739e-21 	-0.000210638
0.0139984 	-766.213 	-8.21836 	-3.92244 	-4.0092e-22 	0.0701647 	-0.115525 	-1.45481e-20 	-0.0699549 	1.51895e-19 	-0.000209818
0.0140562 	-764.396 	-7.93089 	-3.80217 	-8.55611e-19 	0.0701637 	-0.111056 	-3.52089e-20 	-0.0699504 	7.80509e-20 	-0.000213337
0.0141158 	-762.601 	-7.64789 	-3.67631 	-6.91222e-19 	0.0706394 	-0.107352 	-1.30921e-20 	-0.0704153 	-1.65228e-19 	-0.000224152
0.0141773 	-760.827 	-7.3704 	-3.54455 	3.57665e-19 	0.0714046 	-0.104176 	4.50589e-20 	-0.0711749 	-1.74906e-19 	-0.000229742
0.0142408 	-759.075 	-7.09981 	-3.40645 	7.38407e-19 	0.0718171 	-0.100048 	2.50315e-20 	-0.0715827 	9.31237e-21 	-0.000234435
0.0143064 	-757.343 	-6.83657 	-3.26164 	3.8238e-19 	0.0721928 	-0.0961994 	-8.48994e-21 	-0.0719368 	2.27871e-21 	-0.000255977
0.0143742 	-755.633 	-6.58043 	-3.11012 	7.93551e-19 	0.0729607 	-0.0944608 	1.42874e-20 	-0.0726952 	9.94079e-20 	-0.000265454
0.0144443 	-753.944 	-6.33152 	-2.9522 	-4.59874e-19 	0.0730461 	-0.0919464 	3.14876e-21 	-0.0727709 	3.19477e-19 	-0.000275216
0.0145168 	-752.275 	-6.09003 	-2.7883 	-2.09561e-18 	0.0730141 	-0.0900021 	-5.01136e-20 	-0.0727238 	-1.16758e-19 	-0.000290353
0.0145916 	-750.627 	-5.85597 	-2.61854 	5.01621e-19 	0.0728165 	-0.0888775 	-1.94337e-20 	-0.0725096 	-2.74735e-19 	-0.000306945
0.0146691 	-749.001 	-5.63208 	-2.444 	4.54113e-19 	0.0721033 	-0.0869996 	-9.41273e-21 	-0.0718061 	5.95673e-20 	-0.000297184
0.0147492 	-747.393 	-5.42594 	-2.26519 	4.20976e-20 	0.0714445 	-0.0846277 	-2.77193e-21 	-0.0711732 	5.10306e-20 	-0.000271299
0.0148321 	-745.799 	-5.23863 	-2.0808 	-1.27908e-19 	0.0712074 	-0.0832334 	3.02184e-20 	-0.0709393 	-4.24286e-21 	-0.000268141
0.0149179 	-744.221 	-5.06201 	-1.89 	6.96906e-20 	0.0711845 	-0.0833321 	1.26873e-20 	-0.0709497 	-2.53088e-21 	-0.000234839
0.0150067 	-742.658 	-4.88904 	-1.69135 	-1.21515e-20 	0.0716095 	-0.0844677 	1.8621e-20 	-0.071409 	1.33571e-20 	-0.00020056
0.0150987 	-741.084 	-4.71561 	-1.47915 	1.27701e-20 	0.0714399 	-0.0844597 	1.87662e-21 	-0.0712275 	-1.46061e-19 	-0.000212396
0.0152009 	-739.477 	-4.55347 	-1.25392 	1.88192e-18 	0.0689276 	-0.0828815 	-3.71846e-20 	-0.0687469 	-1.13274e-20 	-0.000180679
0.0153069 	-737.859 	-4.42481 	-1.02905 	9.20847e-21 	0.0642467 	-0.0805632 	-9.50445e-22 	-0.0641458 	1.13534e-19 	-0.000100866
0.0154166 	-736.233 	-4.34731 	-0.814641 	3.8976e-19 	0.0581219 	-0.0760773 	1.72711e-20 	-0.0580588 	9.42529e-20 	-6.31705e-05
0.0155304 	-734.57 	-4.33745 	-0.616077 	-1.40722e-18 	0.0509147 	-0.0707489 	-1.70613e-20 	-0.0508653 	-4.44633e-20 	-4.93582e-05
0.0156483 	-732.829 	-4.40318 	-0.439377 	1.21308e-18 	0.0430716 	-0.0646841 	2.91713e-20 	-0.0430073 	-1.71963e-19 	-6.42216e-05
0.0157706 	-730.963 	-4.55476 	-0.287492 	1.14208e-18 	0.0357364 	-0.0568722 	-3.52483e-20 	-0.0356097 	2.0332e-19 	-0.000126742
0.0158973 	-728.921 	-4.81118 	-0.158489 	-2.15186e-18 	0.0301744 	-0.0472009 	-2.7395e-20 	-0.0299918 	1.06844e-19 	-0.000182594
0.0160288 	-726.649 	-5.18151 	-0.0442723 	-5.12783e-19 	0.0276566 	-0.036165 	3.33081e-20 	-0.0274294 	-1.20408e-19 	-0.000227163
0.0161651 	-724.105 	-5.66092 	0.0690797 	-1.27822e-19 	0.0292749 	-0.025465 	-8.52115e-23 	-0.0290125 	-1.11847e-19 	-0.000262433
0.0163066 	-721.267 	-6.2296 	0.198175 	1.52062e-18 	0.03605 	-0.0164623 	1.69783e-20 	-0.0357784 	-4.90521e-20 	-0.00027151
0.0164534 	-718.153 	-6.85324 	0.35945 	6.98283e-19 	0.0497029 	-0.00910995 	-3.48482e-22 	-0.0492919 	1.60216e-19 	-0.000411024
0.0166057 	-714.852 	-7.50295 	0.564518 	-1.04124e-18 	0.0685665 	-0.00166808 	-2.44738e-20 	-0.0679893 	3.95319e-20 	-0.000577181
0.0167638 	-711.472 	-8.16153 	0.812037 	-3.18705e-20 	0.0863323 	0.00569032 	1.09454e-19 	-0.0859049 	-1.26981e-19 	-0.000427464
0.0169279 	-708.053 	-8.81227 	1.09387 	5.39901e-19 	0.0989508 	0.0108753 	3.85975e-20 	-0.0987272 	-7.81948e-20 	-0.000223587
0.0170983 	-704.605 	-9.43941 	1.40687 	9.31796e-19 	0.105414 	0.0131003 	5.07854e-21 	-0.105299 	-3.05788e-20 	-0.000115204
0.0172753 	-701.141 	-10.0361 	1.74805 	7.05419e-19 	0.103274 	0.01395 	-1.7599e-20 	-0.103232 	1.36403e-19 	-4.15076e-05
0.0174591 	-697.646 	-10.623 	2.10181 	-1.20042e-18 	0.0898281 	0.0162628 	-1.00157e-19 	-0.0897951 	1.14528e-19 	-3.29738e-05
0.01765 	-694.071 	-11.2547 	2.43822 	-5.07462e-19 	0.0700538 	0.0201127 	1.33847e-20 	-0.0700608 	-7.6029e-20 	6.99393e-06
0.0178483 	-690.322 	-11.9621 	2.74054 	4.7028e-19 	0.055401 	0.0213843 	6.26671e-20 	-0.0554356 	-2.15249e-20 	3.46599e-05
0.0180544 	-686.33 	-12.6832 	3.0376 	-3.60011e-19 	0.0528226 	0.0162637 	-3.17226e-20 	-0.052849 	6.05726e-20 	2.63985e-05
0.0182686 	-682.154 	-13.2826 	3.39372 	-8.27945e-19 	0.0612767 	0.0048985 	-8.22257e-20 	-0.0612777 	-2.01584e-20 	9.60664e-07
0.0184912 	-677.999 	-13.6418 	3.86415 	6.77855e-19 	0.074959 	-0.00916833 	5.30808e-20 	-0.0749413 	-5.14341e-20 	-1.77043e-05
0.0187227 	-674.153 	-13.7242 	4.46573 	4.11134e-20 	0.0879431 	-0.0217778 	-2.28979e-21 	-0.0879205 	3.584e-20 	-2.25992e-05
0.0189633 	-670.887 	-13.5677 	5.18104 	-3.28033e-19 	0.0969809 	-0.0304782 	-2.10481e-20 	-0.0969619 	1.21511e-20 	-1.90055e-05
0.0192134 	-668.407 	-13.2444 	5.97855 	1.43284e-20 	0.101547 	-0.0349747 	3.40459e-21 	-0.101534 	-1.15309e-20 	-1.35763e-05
0.0194736 	-666.849 	-12.8221 	6.82828 	1.24725e-19 	0.102609 	-0.036262 	2.6052e-21 	-0.102601 	-6.96119e-21 	-8.31516e-06
0.0197443 	-666.293 	-12.3503 	7.70906 	1.60821e-20 	0.101529 	-0.0356876 	3.05151e-21 	-0.101524 	6.16614e-21 	-5.48567e-06
0.0200258 	-666.79 	-11.8548 	8.60864 	-8.11594e-21 	0.0993814 	-0.0344473 	1.7357e-20 	-0.0993785 	-6.75881e-21 	-2.849e-06
0.0203187 	-668.382 	-11.3422 	9.52179 	2.64346e-19 	0.0969287 	-0.0332059 	1.92161e-20 	-0.0969262 	-5.93594e-21 	-2.49978e-06
0.0206234 	-671.121 	-10.8123 	10.4482 	-3.75612e-19 	0.0945847 	-0.0324251 	-3.61929e-20 	-0.094583 	2.70285e-20 	-1.71341e-06
0.0209406 	-675.067 	-10.2501 	11.39 	2.35699e-19 	0.0924069 	-0.0324561 	1.58397e-20 	-0.092405 	-3.33023e-20 	-1.93086e-06
0.0212706 	-680.3 	-9.63678 	12.3479 	2.46027e-19 	0.0905969 	-0.0329744 	1.34392e-20 	-0.090596 	-1.70021e-21 	-8.54428e-07
0.0216142 	-686.918 	-8.96719 	13.3292 	-4.74767e-19 	0.0892749 	-0.0338411 	-2.85365e-20 	-0.089272 	3.8678e-20 	-2.92039e-06
0.0219719 	-695.051 	-8.22455 	14.3383 	2.36515e-19 	0.0881054 	-0.0354319 	1.09894e-20 	-0.0881006 	-3.02519e-20 	-4.8247e-06
0.0223443 	-704.844 	-7.38004 	15.3757 	-6.6428e-21 	0.0868582 	-0.0377551 	4.63376e-22 	-0.0868558 	1.57475e-20 	-2.36566e-06
0.0227321 	-716.432 	-6.41086 	16.4408 	-4.8522e-19 	0.0858317 	-0.0403169 	-1.53984e-20 	-0.0858302 	3.72663e-20 	-1.56022e-06
0.023136 	-729.971 	-5.31039 	17.5413 	2.4949e-19 	0.0855053 	-0.0428802 	1.32702e-20 	-0.0855031 	-3.10786e-20 	-2.29127e-06
0.0235566 	-745.647 	-4.0732 	18.6897 	1.15682e-19 	0.0855422 	-0.0457705 	-2.93027e-21 	-0.0855292 	-1.00788e-20 	-1.30468e-05
0.0239948 	-763.659 	-2.67133 	19.8854 	3.06035e-19 	0.0848527 	-0.0492374 	2.05998e-21 	-0.0848115 	-2.51369e-20 	-4.12764e-05
0.0244512 	-784.068 	-1.06595 	21.1103 	2.8183e-19 	0.0827246 	-0.0528183 	1.74523e-20 	-0.0826368 	-1.31629e-20 	-8.78363e-05
0.0249268 	-806.443 	0.750946 	22.3406 	-2.98639e-19 	0.0785489 	-0.0552543 	-1.63042e-21 	-0.0785651 	2.84126e-20 	1.61436e-05
0.0254223 	-829.357 	2.75493 	23.5443 	-1.36401e-19 	0.0730072 	-0.0559018 	-9.09402e-21 	-0.0730618 	1.2958e-20 	5.45106e-05
0.0259387 	-851.972 	4.92731 	24.6997 	-4.46326e-19 	0.0676282 	-0.0551102 	1.27246e-20 	-0.0675941 	4.88298e-20 	-3.40933e-05
0.0264768 	-874.584 	7.26044 	25.8167 	-2.61163e-19 	0.0628256 	-0.0534328 	1.09402e-20 	-0.0628066 	1.4144e-20 	-1.90128e-05
0.0270378 	-897.205 	9.75659 	26.9014 	3.52129e-19 	0.058464 	-0.0512796 	-1.02161e-20 	-0.0584565 	-5.2164e-20 	-7.5195e-06
0.0276225 	-919.661 	12.4164 	27.9534 	3.18316e-19 	0.0542453 	-0.0487904 	-2.06095e-20 	-0.0542384 	-4.04386e-20 	-6.85993e-06
0.0282321 	-941.735 	15.2349 	28.9685 	-5.00376e-20 	0.0500404 	-0.0460221 	9.14966e-21 	-0.0500371 	1.6255e-20 	-3.3694e-06
0.0288676 	-963.08 	18.2052 	29.9422 	-1.40385e-19 	0.0457522 	-0.0430438 	1.06791e-20 	-0.0457512 	2.14532e-20 	-1.01174e-06
0.0295303 	-983.27 	21.3093 	30.8648 	6.11414e-20 	0.0412676 	-0.0400257 	-1.03314e-20 	-0.041268 	-1.15011e-20 	3.65608e-07
0.0302213 	-1001.86 	24.5234 	31.7257 	-9.56362e-20 	0.0365791 	-0.0372876 	1.98444e-20 	-0.03658 	2.3757e-20 	8.86977e-07
0.030942 	-1018.43 	27.8248 	32.5128 	-9.68349e-20 	0.0315294 	-0.0351695 	2.12355e-20 	-0.0315303 	2.06512e-20 	8.23247e-07
0.0316937 	-1032.63 	31.1905 	33.2059 	7.52712e-20 	0.0259564 	-0.033835 	-1.68133e-20 	-0.0259571 	-2.19978e-20 	6.63227e-07
0.0324777 	-1044.19 	34.5981 	33.7818 	7.64694e-20 	0.0199155 	-0.0330897 	-1.93487e-20 	-0.0199159 	-2.05005e-20 	4.0889e-07
0.0332955 	-1052.9 	38.0139 	34.2187 	6.30452e-20 	0.0136652 	-0.0327176 	-2.38111e-20 	-0.0136651 	-1.88225e-20 	-1.48447e-07
0.0341488 	-1058.59 	41.413 	34.5036 	-2.32219e-20 	0.00759136 	-0.0323835 	1.27296e-20 	-0.0075914 	9.49005e-21 	3.65137e-08
0.0350389 	-1061.09 	44.7574 	34.6338 	-3.44929e-20 	0.00135298 	-0.031817 	1.17134e-20 	-0.00135268 	9.69638e-21 	-2.96073e-07
0.0359677 	-1060.27 	47.997 	34.5739 	2.88086e-20 	-0.00431241 	-0.0319067 	-1.3576e-20 	0.00431398 	-9.87589e-21 	-1.56927e-06
0.0369369 	-1055.93 	51.23 	34.3668 	2.05587e-20 	-0.00898928 	-0.0330736 	-1.71714e-20 	0.00899039 	-7.41371e-21 	-1.11126e-06
0.0379484 	-1047.54 	54.5679 	34.0006 	2.26899e-20 	-0.0158454 	-0.0355055 	-1.41714e-20 	0.0158447 	-8.03633e-21 	6.69078e-07
0.0390039 	-1034.25 	58.0175 	33.311 	-3.82016e-20 	-0.0242108 	-0.0353216 	2.66271e-20 	0.0242056 	1.53973e-20 	5.19859e-06
0.0401056 	-1015.55 	61.4751 	32.3266 	1.37897e-20 	-0.0394496 	-0.029633 	-1.48557e-20 	0.0394437 	-5.88359e-21 	5.84754e-06
0.0412555 	-993.254 	64.0823 	30.4476 	1.61803e-20 	-0.0714107 	-0.0271932 	-1.54469e-20 	0.0714143 	-5.71213e-21 	-3.62206e-06
0.0424559 	-972.364 	64.941 	26.9187 	-4.25102e-20 	-0.0955357 	-0.0268955 	3.76233e-20 	0.0955472 	1.68623e-20 	-1.14876e-05
0.043709 	-957.125 	64.8332 	22.9891 	-1.44466e-20 	-0.0812336 	-0.0187788 	1.43088e-20 	0.0812398 	5.01994e-21 	-6.23894e-06
0.0450172 	-946.793 	65.1935 	20.3844 	3.80617e-20 	-0.047631 	-0.0095335 	-3.55463e-20 	0.0476294 	-1.11977e-20 	1.66908e-06
0.0463831 	-937.731 	66.2994 	19.019 	-1.02126e-20 	-0.0263687 	-0.00592996 	1.14836e-20 	0.0263657 	3.43973e-21 	2.97412e-06
0.0478092 	-927.336 	67.6809 	18.0886 	-6.71418e-20 	-0.0188767 	-0.00349612 	6.95649e-20 	0.0188757 	1.82177e-20 	1.0375e-06
0.0492983 	-914.961 	68.9494 	17.302 	8.55818e-21 	-0.0141987 	0.000160733 	-1.06459e-20 	0.0141991 	-3.19814e-21 	-3.76243e-07
0.0508534 	-900.874 	69.9123 	16.7568 	3.1279e-20 	-0.00730717 	0.0035431 	-3.30281e-20 	0.0073075 	-8.61705e-21 	-3.33705e-07
0.0524774 	-885.778 	70.5314 	16.6043 	5.59638e-22 	0.00119154 	0.00567937 	-5.93214e-22 	-0.00119116 	-3.38967e-23 	-3.80421e-07
0.054 	-870.557 	70.8739 	16.8587 	4.15752e-22 	0.00899159 	0.00715576 	-5.44794e-22 	-0.0089916 	1.60581e-22 	6.97522e-09
0.055525 	-855.247 	71.0344 	17.4273 	-4.90874e-23 	0.0145777 	0.00905771 	-2.78924e-22 	-0.0145775 	6.00834e-23 	-2.09467e-07
0.0570525 	-839.811 	71.0603 	18.1915 	-8.60778e-21 	0.0172057 	0.0122652 	1.1681e-20 	-0.0172055 	3.43553e-21 	-1.84207e-07
0.0585825 	-824.371 	70.9621 	19.0048 	8.81685e-21 	0.0164247 	0.0169961 	-1.17919e-20 	-0.0164246 	-3.39384e-21 	-1.88225e-07
0.060115 	-808.971 	70.7667 	19.7059 	1.80531e-20 	0.012319 	0.0226167 	-2.36996e-20 	-0.0123189 	-6.32176e-21 	-1.33162e-07
0.0616502 	-793.558 	70.5497 	20.1514 	-8.84857e-21 	0.00611223 	0.0279491 	1.18534e-20 	-0.00611205 	3.35867e-21 	-1.83168e-07
0.0631879 	-778.016 	70.4098 	20.2807 	0 	0.000262783 	0.031897 	4.85749e-24 	-0.000262715 	-4.65531e-23 	-6.74202e-08
0.0647283 	-762.108 	70.3834 	20.1747 	0 	-0.00271703 	0.034201 	-1.89096e-24 	0.00271684 	2.02828e-23 	1.86099e-07
0.0662715 	-745.546 	70.3877 	20.0173 	-3.95552e-21 	-0.00211535 	0.0356668 	5.68493e-21 	0.00211495 	1.53552e-21 	4.01675e-07
0.0678175 	-728.166 	70.2712 	19.9685 	2.22262e-24 	0.00049709 	0.0373243 	3.02595e-23 	-0.000497322 	-3.2947e-23 	2.32662e-07
0.0693662 	-710.091 	69.9251 	20.0667 	3.96148e-21 	0.00282112 	0.0394369 	-5.6621e-21 	-0.0028211 	-1.54822e-21 	-1.93782e-08
0.0709179 	-691.593 	69.3431 	20.2472 	3.69011e-21 	0.00362608 	0.0414456 	-5.7141e-21 	-0.00362585 	-1.50044e-21 	-2.32748e-07
0.0724725 	-672.892 	68.5944 	20.4256 	-7.256e-21 	0.0032435 	0.0425953 	1.08002e-20 	-0.00324331 	3.19862e-21 	-1.97416e-07
0.0740301 	-653.979 	67.7579 	20.569 	-1.07655e-20 	0.00284941 	0.0425815 	1.61715e-20 	-0.00284918 	4.70662e-21 	-2.30994e-07
0.0755907 	-634.644 	66.8638 	20.7089 	1.08768e-20 	0.00341102 	0.0417107 	-1.58079e-20 	-0.00341122 	-4.8976e-21 	2.05472e-07
0.0771544 	-614.095 	65.8738 	20.913 	1.05718e-20 	0.00511528 	0.0407475 	-1.53882e-20 	-0.0051159 	-4.85252e-21 	6.14149e-07
0.078825 	-591.769 	64.7179 	21.2364 	-3.50946e-21 	0.00736089 	0.0405333 	4.79871e-21 	-0.00736099 	1.66253e-21 	9.43163e-08
0.0804322 	-568.541 	63.3705 	21.6704 	3.17603e-21 	0.00924121 	0.0415186 	-5.1646e-21 	-0.00924133 	-1.87813e-21 	1.21023e-07
0.0819791 	-545.101 	61.836 	22.1602 	-4.06036e-22 	0.0101115 	0.0435515 	6.10225e-22 	-0.0101119 	1.94214e-22 	4.14889e-07
0.0834685 	-521.515 	60.1261 	22.644 	-6.96138e-21 	0.0097664 	0.0462026 	1.03803e-20 	-0.00976679 	3.64275e-21 	3.97324e-07
0.0849032 	-498.224 	58.2936 	23.0634 	0 	0.008337 	0.0491364 	-1.03667e-22 	-0.0083369 	-8.27087e-23 	-9.54344e-08
0.0862209 	-475.806 	56.4087 	23.3773 	7.39677e-21 	0.00605776 	0.0521371 	-1.05955e-20 	-0.00605804 	-4.52335e-21 	2.73039e-07
0.0874798 	-454.081 	54.4994 	23.5683 	-8.15441e-21 	0.00312047 	0.0550852 	1.11696e-20 	-0.00312094 	5.05286e-21 	4.68673e-07
0.0886826 	-432.78 	52.5821 	23.6274 	2.52411e-22 	-0.000332017 	0.0579121 	-6.52087e-22 	0.000331643 	-4.2321e-22 	3.74081e-07
0.0898318 	-411.918 	50.6851 	23.5497 	7.57742e-21 	-0.00418273 	0.0605685 	-1.06489e-20 	0.00418225 	-4.70372e-21 	4.84553e-07
0.0909296 	-391.495 	48.8315 	23.3345 	-1.22912e-20 	-0.00834087 	0.0630182 	1.72042e-20 	0.00834036 	7.7818e-21 	5.09389e-07
0.0919785 	-371.533 	47.0395 	22.985 	4.49154e-21 	-0.0127339 	0.0652757 	-5.6646e-21 	0.0127333 	-3.03845e-21 	5.95307e-07
0.0929806 	-352.061 	45.3227 	22.5066 	1.25787e-20 	-0.0172968 	0.0673424 	-1.65859e-20 	0.0172962 	-8.17011e-21 	5.8233e-07
0.093938 	-333.14 	43.691 	21.9073 	-8.27582e-22 	-0.0219614 	0.069189 	5.915e-22 	0.0219608 	5.01965e-22 	5.99335e-07
0.0948527 	-314.843 	42.1513 	21.1967 	-1.1782e-20 	-0.0266525 	0.0707744 	1.45784e-20 	0.0266519 	7.50001e-21 	5.28633e-07
0.0957266 	-297.261 	40.7078 	20.3865 	-1.12903e-20 	-0.0312856 	0.0720472 	1.41478e-20 	0.0312851 	7.05987e-21 	4.74563e-07
0.0965614 	-280.489 	39.3622 	19.4896 	7.61788e-22 	-0.0357677 	0.0729529 	-1.88246e-22 	0.0357674 	-6.19426e-22 	3.50853e-07
0.0973591 	-264.62 	38.1143 	18.5206 	1.22551e-20 	-0.0399995 	0.0734419 	-1.45562e-20 	0.0399993 	-7.56509e-21 	2.21068e-07
0.0981212 	-249.736 	36.9616 	17.495 	8.99934e-21 	-0.0438785 	0.0734759 	-1.20852e-20 	0.0438784 	-5.05733e-21 	4.78597e-08
0.0988492 	-235.901 	35.9002 	16.4293 	-1.0443e-20 	-0.0473039 	0.0730347 	1.23866e-20 	0.047304 	6.16817e-21 	-1.34118e-07
0.0995448 	-223.159 	34.924 	15.3403 	-1.43926e-20 	-0.0501879 	0.0721294 	1.87877e-20 	0.0501882 	7.7803e-21 	-3.09921e-07
0.100209 	-211.533 	34.0257 	14.245 	7.04259e-22 	-0.0524716 	0.0708163 	-4.79051e-22 	0.0524721 	-7.34798e-22 	-4.71633e-07
0.100844 	-201.02 	33.1963 	13.1597 	8.14689e-21 	-0.0541607 	0.0692308 	-1.02075e-20 	0.0541613 	-4.11901e-21 	-5.88782e-07
0.101451 	-191.595 	32.4258 	12.0999 	1.07113e-22 	-0.0554116 	0.067677 	-6.88807e-24 	0.0554123 	-1.11024e-22 	-6.74778e-07
0.10203 	-183.215 	31.703 	11.0796 	-5.00101e-21 	-0.0567604 	0.0668703 	6.61474e-21 	0.0567611 	2.08051e-21 	-7.55079e-07
