/*--------------------------------*- C++ -*----------------------------------*\
| =========                 |                                                 |
| \\      /  F ield         | OpenFOAM: The Open Source CFD Toolbox           |
|  \\    /   O peration     | Version:  2506                                  |
|   \\  /    A nd           | Website:  www.openfoam.com                      |
|    \\/     M anipulation  |                                                 |
\*---------------------------------------------------------------------------*/
FoamFile
{
    version     2.0;
    format      ascii;
    arch        "LSB;label=32;scalar=64";
    class       volVectorField;
    location    "1000";
    object      wallShearStress;
}
// * * * * * * * * * * * * * * * * * * * * * * * * * * * * * * * * * * * * * //

dimensions      [0 2 -2 0 0 0 0];

internalField   uniform (0 0 0);

boundaryField
{
    inlet
    {
        type            calculated;
        value           uniform (0 0 0);
    }
    outlet
    {
        type            calculated;
        value           uniform (0 0 0);
    }
    lowerWallStartup
    {
        type            symmetryPlane;
    }
    upperWallStartup
    {
        type            symmetryPlane;
    }
    upperWall
    {
        type            calculated;
        value           nonuniform List<vector> 
872
(
(-98.7512 -1.16787 0)
(-4.75368 -0.00131781 0)
(-9.60836 -0.00100715 0)
(-12.1289 -0.000272822 0)
(-11.4881 0.000311815 0)
(-9.81691 0.00045302 0)
(-8.21775 0.000607798 0)
(-5.44594 0.000762305 0)
(-2.68333 0.000433939 0)
(-2.2462 0.00054273 0)
(-2.07097 0.0015367 0)
(-1.98507 -0.000261413 0)
(-1.18298 -0.000163073 0)
(1.35824 0.000194324 0)
(2.04228 -0.000304577 0)
(1.35358 -0.000791185 0)
(0.473 0.000421357 0)
(-0.292278 0.000252164 0)
(-0.545579 -4.63069e-05 0)
(-0.122792 -1.1498e-05 0)
(-0.473274 0.000227649 0)
(-0.946018 7.96476e-05 0)
(-0.817641 -0.000101293 0)
(-0.663657 -0.000281027 0)
(0.200037 -7.99069e-05 0)
(-0.318845 0.00013036 0)
(-0.203798 -0.00018844 0)
(0.306836 -0.000298486 0)
(-1.05625 0.000166501 0)
(-1.38308 0.000619816 0)
(-13.5048 0.00053042 0)
(-1.50981 -0.00105947 0)
(-1.85958 -0.000515922 0)
(-2.18205 0.000563684 0)
(-2.37898 0.00186512 0)
(-2.65169 -0.00271397 0)
(-3.39453 -0.00112016 0)
(-4.80276 -0.00042722 0)
(-5.84735 -0.000336141 0)
(-6.69412 -0.000259515 0)
(-7.28871 -9.63577e-05 0)
(-7.21459 0.00231286 0)
(-8.05913 -0.000727055 0)
(-7.55617 -0.00234036 0)
(-7.34296 0.000443474 0)
(-5.32928 0.00180242 0)
(-3.06827 0.00426977 0)
(-1.32265 -0.000704973 0)
(-11.6164 -0.0107533 0)
(-0.673298 -0.000284828 0)
(-0.892987 6.3694e-06 0)
(-0.619638 0.000306856 0)
(-1.10119 0.000701533 0)
(-1.26181 0.000240937 0)
(1.54577 -0.000365631 0)
(2.03093 -0.000332926 0)
(-0.215139 0.000417307 0)
(-2.30533 -0.00112786 0)
(-1.32549 -0.000428795 0)
(0.810028 -6.05125e-05 0)
(1.84375 0.00140845 0)
(1.59938 8.03387e-05 0)
(1.25965 -0.00116901 0)
(0.596914 0.000695323 0)
(-7.02594 0.00787859 0)
(-12.4262 -0.00135357 0)
(-0.169932 -0.000228226 0)
(0.368032 -0.000665162 0)
(0.715335 -1.05693e-05 0)
(0.563297 0.000782653 0)
(-0.275408 0.000617087 0)
(-1.15397 -0.00137467 0)
(-2.33531 9.39384e-05 0)
(-1.8468 0.00051357 0)
(-1.74258 -0.000879536 0)
(-2.36246 0.000526041 0)
(-0.611755 0.00151013 0)
(9.91296 0.00184618 0)
(-0.617382 0.00131456 0)
(-2.0134 -0.00253096 0)
(-3.13225 -0.00142958 0)
(-4.11543 -0.000474663 0)
(-4.94524 -0.000420049 0)
(-5.66569 -0.000245829 0)
(-5.86748 0.00018364 0)
(-5.01106 0.000869247 0)
(-2.7127 0.00147021 0)
(-0.25893 0.00108751 0)
(0.24027 -0.000341399 0)
(0.116917 0.000278562 0)
(-0.278301 0.000476317 0)
(-0.762639 0.000432377 0)
(-1.1306 7.63112e-05 0)
(-0.961025 -0.000374645 0)
(-0.525249 -0.000422394 0)
(-0.175959 -0.000324622 0)
(-0.841343 0.000229903 0)
(-1.54342 -0.000137039 0)
(0.133363 0.00130063 0)
(1.83015 0.000465137 0)
(1.2863 -0.000791167 0)
(0.12321 -0.000314883 0)
(1.09662 -0.000190651 0)
(1.3358 -0.00011025 0)
(1.31564 0.0002753 0)
(0.953113 0.000843174 0)
(0.756271 5.84633e-05 0)
(0.638871 5.67355e-08 0)
(0.747751 0.00042382 0)
(0.841254 -0.000357971 0)
(0.594108 -0.000684431 0)
(0.38613 0.000134044 0)
(0.414565 7.08332e-05 0)
(0.223101 0.000257455 0)
(-0.0823478 2.74751e-05 0)
(0.0801183 -0.000121827 0)
(6.34571 -0.00319537 0)
(0.574773 0.000925838 0)
(0.999344 -0.000228471 0)
(1.70629 -0.00159503 0)
(1.99118 -1.42044e-05 0)
(1.80289 0.00254394 0)
(1.16069 0.000202331 0)
(0.374502 -0.000718407 0)
(0.770252 -0.000100624 0)
(1.32871 -0.000512129 0)
(1.64936 0.000130371 0)
(1.27052 0.00073092 0)
(0.678466 0.000830312 0)
(-0.00140486 0.000135036 0)
(-0.429609 0.00048343 0)
(-0.702509 0.000269146 0)
(-0.370543 4.42766e-05 0)
(-1.14603 -0.000161243 0)
(-1.19463 -0.000690657 0)
(-0.523792 -0.000942702 0)
(-0.106557 -0.0006199 0)
(0.177854 0.000343472 0)
(-0.100452 0.000103225 0)
(-1.19025 0.000708642 0)
(-0.234368 0.00139605 0)
(-0.821111 0.000738341 0)
(-2.41825 -0.00246505 0)
(-3.80703 -0.00308953 0)
(-4.15559 -0.000663853 0)
(-4.63602 0.000556348 0)
(-3.60878 0.00246356 0)
(0.163455 0.00561843 0)
(1.84512 -0.000200882 0)
(0.209729 -0.00172392 0)
(-1.96181 0.000437944 0)
(-1.42136 0.00426613 0)
(-0.126909 -0.000195382 0)
(-2.58697 -0.00713892 0)
(2.40824 0.00222858 0)
(6.27298 0.00483426 0)
(7.26742 0.000657961 0)
(7.26229 -0.000444373 0)
(6.48143 -0.00114577 0)
(5.07625 -0.0014928 0)
(3.84005 -0.00120432 0)
(2.90747 -0.000979127 0)
(2.06788 -0.00220711 0)
(1.61723 0.00514625 0)
(0.922275 0.000134732 0)
(1.47783 -0.0119393 0)
(9.78749 0.011963 0)
(0.148932 0.000139697 0)
(0.263513 9.33909e-05 0)
(0.165566 -7.47602e-05 0)
(0.431325 4.73029e-05 0)
(0.117987 9.8078e-05 0)
(0.196702 -6.10849e-05 0)
(0.226832 -0.000290275 0)
(0.104091 -2.12358e-05 0)
(2.30039 -0.0517043 0)
(0.152887 0.0668917 0)
(-3.19786 0.00552036 0)
(-1.12683 0.000231877 0)
(-0.395465 -0.0688769 0)
(26.195 -0.0818842 0)
(-6.90675 0.617595 0)
(-0.179494 -0.00017076 0)
(-0.20288 -0.000681606 0)
(0.554517 0.000523315 0)
(0.0205391 0.000213229 0)
(0.0987735 -0.000195923 0)
(0.234719 -0.000401531 0)
(0.414597 -0.000425162 0)
(0.638575 -0.000897795 0)
(0.428491 -1.87274e-05 0)
(0.699274 0.000534489 0)
(0.54443 0.000252761 0)
(72.2493 -0.0630261 0)
(1.22618 0.000910641 0)
(0.743283 0.0167036 0)
(-0.487968 0.00149372 0)
(-9.84469 -0.0264985 0)
(-0.712951 -0.000632334 0)
(-0.541114 -0.00194703 0)
(0.0455607 -0.00123276 0)
(0.185537 8.68815e-05 0)
(-1.81337 0.00147476 0)
(0.0556457 0.012459 0)
(0.429043 -6.4375e-05 0)
(0.228703 -0.0167335 0)
(-0.758982 0.00221304 0)
(-1.11102 0.000298597 0)
(-0.871444 -0.00215529 0)
(-0.636586 -0.00074769 0)
(-0.342207 0.00041017 0)
(0.168081 -0.00332659 0)
(-0.109708 0.00198093 0)
(-0.425365 0.0011094 0)
(-0.757284 0.000879641 0)
(-1.02696 -0.000171429 0)
(-11.0408 -0.0186668 0)
(-0.288026 -0.000344224 0)
(-0.351541 0.00120808 0)
(-0.968806 0.00212735 0)
(-1.57418 0.00184009 0)
(-2.15154 0.000624745 0)
(-2.24389 -0.00235373 0)
(-1.1084 -0.00402727 0)
(0.0206882 -0.00126357 0)
(-0.0813842 -0.000241329 0)
(0.242792 -0.00269005 0)
(0.979292 -0.00122467 0)
(1.03052 0.00150085 0)
(0.397365 0.00307323 0)
(-5.11736 0.0219678 0)
(-0.349969 -0.000593071 0)
(-0.0353703 -0.000823396 0)
(0.139389 0.00108597 0)
(-0.799614 0.0012046 0)
(-0.301548 -0.00146124 0)
(0.91815 0.00159031 0)
(0.924212 0.000573121 0)
(0.274014 -0.00226433 0)
(-0.349847 -0.00119576 0)
(-0.826829 0.000449288 0)
(-1.01491 0.00325162 0)
(-1.06717 -0.000197826 0)
(-0.426932 -0.000287831 0)
(-0.803469 -0.000612485 0)
(-0.303375 -0.00185736 0)
(-0.527226 -0.000119976 0)
(-0.443225 0.00249687 0)
(-0.341067 -3.45771e-05 0)
(-0.355068 0.000370887 0)
(-0.497606 -0.00180652 0)
(-0.56408 0.000328672 0)
(-0.663417 0.00327784 0)
(-0.811102 -0.00560591 0)
(-0.745289 -0.000189015 0)
(-0.591745 0.00485716 0)
(-0.461457 -0.00355496 0)
(-0.447299 0.00033924 0)
(-0.717195 -0.00158434 0)
(-0.916017 0.000382826 0)
(-1.32837 0.00671622 0)
(-1.0341 -0.00047779 0)
(-0.983537 -0.000420464 0)
(-0.932609 -0.00418403 0)
(-0.87981 8.69607e-05 0)
(-1.06202 0.00465369 0)
(-1.23043 -0.0119844 0)
(-1.18731 -0.00458696 0)
(-1.19817 0.000573775 0)
(-0.922992 0.00430635 0)
(-12.7223 0.272074 0)
(-0.747063 0.000495623 0)
(-0.673873 -0.000620015 0)
(-0.481449 0.000310004 0)
(-0.586037 0.00270126 0)
(-1.03791 0.00476896 0)
(-1.6993 0.00240906 0)
(-1.6543 -0.00439476 0)
(-0.334758 -0.0032819 0)
(0.062215 -0.00480296 0)
(0.332313 -0.00173877 0)
(0.336064 0.000868987 0)
(-1.05171 0.00476109 0)
(-0.363299 0.00703685 0)
(-0.217768 -0.00219486 0)
(-0.00676345 -0.000498487 0)
(0.010934 0.000112425 0)
(-0.112143 -0.00178123 0)
(0.0748042 -0.00144326 0)
(0.278944 -0.0019598 0)
(0.23681 -0.000707769 0)
(0.689526 -0.0014584 0)
(0.209548 0.000631275 0)
(0.802277 0.00431584 0)
(0.832487 0.000531535 0)
(0.939785 -0.00500089 0)
(1.1633 -0.00817886 0)
(1.32823 -0.00157051 0)
(1.45249 -0.00106552 0)
(1.52743 -0.00056631 0)
(1.5698 -0.000137715 0)
(1.57471 0.00058975 0)
(1.50794 0.00136 0)
(0.286769 0.000393678 0)
(1.25882 0.0372346 0)
(0.816836 0.000670106 0)
(13.3167 -0.460953 0)
(10.4878 0.0248037 0)
(0.281145 0.000828362 0)
(0.413557 0.0451792 0)
(-1.66404 0.0681333 0)
(-0.0916679 0.00700197 0)
(-0.30976 -0.00205577 0)
(-0.47142 -0.00170216 0)
(-0.726882 0.00420067 0)
(-0.957466 -0.0144769 0)
(-1.10518 0.000128234 0)
(-1.10272 -0.000511154 0)
(-0.961533 -0.00656545 0)
(-0.889371 0.00723261 0)
(-1.08739 0.013151 0)
(-1.23492 -0.000780589 0)
(-1.14471 -0.00477423 0)
(-0.824207 -0.00590918 0)
(-0.494709 -0.00765772 0)
(0.126112 -0.017629 0)
(0.452654 -0.00303081 0)
(0.686814 0.00231543 0)
(9.87168 0.0220957 0)
(0.580544 0.00103442 0)
(0.383087 0.00378374 0)
(0.216853 0.000896558 0)
(0.191845 0.0154245 0)
(-0.238675 -0.00230859 0)
(-0.521797 0.00294483 0)
(-0.622647 0.00389318 0)
(-0.488606 -0.006985 0)
(-0.210878 -0.00689077 0)
(0.172644 -0.0163422 0)
(3.14579 -0.02768 0)
(0.0877382 -0.000760842 0)
(7.85123 -0.0488668 0)
(0.734455 -0.00259952 0)
(0.924722 -0.00293647 0)
(1.00782 0.069886 0)
(0.728294 -1.02568e-05 0)
(1.07234 -0.0729667 0)
(1.07865 -0.000348907 0)
(1.11491 0.000214756 0)
(1.07038 0.000886424 0)
(1.06169 0.000468157 0)
(1.75826 0.00263811 0)
(2.29034 0.00110703 -4.1839e-22)
(0.441947 -0.000244873 0)
(0.804664 0.00471252 -6.29638e-22)
(0.793065 0.00656997 6.53259e-22)
(8.9563 0.0576751 -1.55006e-20)
(0.470846 0.00218199 -7.48349e-22)
(0.0608809 0.00118539 -2.34173e-22)
(0.101336 0.0101718 -1.52392e-21)
(-1.75329 0.0371333 -1.17186e-20)
(-0.302455 0.00223072 0)
(-0.445111 0.00169697 -8.25772e-22)
(-0.559259 0.000858155 0)
(-0.612064 0.00074341 -8.35004e-22)
(-0.295135 8.63599e-05 -3.83494e-23)
(-0.662825 -0.0186696 0)
(-0.634679 0.000486694 -5.42263e-22)
(-0.330436 0.0108954 0)
(-97.2922 0.255596 -9.36736e-21)
(-0.442026 -0.0018908 -3.70811e-23)
(-37.9988 -0.0759346 0)
(-0.0958531 7.15e-05 -1.14565e-22)
(-0.699699 -0.0476341 -7.32276e-22)
(0.0896288 0.0516994 -2.35572e-21)
(0.415637 0.00794826 -4.38226e-22)
(0.984552 -0.00401718 0)
(364.482 -3.36044 -2.39749e-19)
(-5.85364 -0.724778 -7.01802e-22)
(-0.467298 -0.0291379 0)
(-0.535256 -0.0351623 -1.26284e-21)
(-1.37919 0.0137008 1.40277e-21)
(-0.536652 0.038393 -3.94235e-22)
(-2.98888 -0.033644 -1.03766e-21)
(-3.47773 0.0333714 -1.03964e-21)
(-3.8476 -0.140837 0)
(-3.90713 0.000399142 0)
(-4.38996 -0.164217 -1.41313e-21)
(-3.92583 -0.0435737 -8.40545e-22)
(-3.91592 0.0420705 0)
(-4.61731 -0.118551 0)
(-3.79651 -0.00229272 -5.22559e-22)
(-4.15647 0.272613 -5.07394e-22)
(-8.99258 -2.67352 -4.12692e-22)
(-1.55745 -0.0266848 1.4563e-22)
(-2.58241 0.0157459 -2.1231e-23)
(-2.87263 0.00348916 1.64687e-22)
(-1.87641 -0.00234216 -2.14975e-22)
(-2.15498 -0.0140033 5.19495e-22)
(-1.22482 -0.00222358 4.28706e-22)
(-0.133108 0.0184473 4.58369e-23)
(-0.137055 -0.002968 0)
(-0.882424 -0.0435853 3.39305e-21)
(0.587096 -0.580332 2.53285e-21)
(2176.47 306.386 9.78909e-18)
(0.354372 0.00328423 0)
(0.580144 0.00312825 1.10773e-21)
(0.827044 0.00290213 0)
(1.00563 0.00245379 1.25868e-21)
(1.19922 -0.0116187 1.33033e-21)
(1.42912 0.0096854 2.09766e-21)
(1.77455 0.0180786 1.45175e-21)
(1.93335 0.00216705 0)
(2.07817 0.00204389 0)
(2.24241 -0.0226955 1.61504e-21)
(2.58013 0.0109229 2.53175e-21)
(2.79135 0.0279226 1.69482e-21)
(2.7859 0.000345601 0)
(2.84526 -0.0291515 1.77078e-21)
(3.00373 0.23603 0)
(2.57268 -0.00190818 0)
(3.92391 -0.489837 0)
(3.74315 0.0384996 1.85045e-21)
(3.76523 0.000689977 1.86536e-21)
(3.82212 1.84105e-05 1.87537e-21)
(3.75955 -0.0399639 1.88606e-21)
(4.24099 -0.0529207 2.81283e-21)
(4.65287 0.0735168 0)
(4.27658 0.0435138 1.87619e-21)
(4.12652 -0.0447871 0)
(4.77525 0.017159 2.90488e-21)
(4.44028 0.0452336 1.85053e-21)
(4.30135 -0.0459676 0)
(4.80564 0.0127577 2.83519e-21)
(4.46589 -0.000251142 1.81221e-21)
(4.93701 0.012487 0)
(4.63567 0.0474148 1.76725e-21)
(4.53958 -0.000651378 0)
(4.52883 0.000154592 -1.72438e-21)
(4.55208 -0.000471835 0)
(4.44356 -0.00148037 0)
(4.34124 -0.0460937 0)
(4.90864 0.00672615 2.52576e-21)
(4.44024 0.044675 1.59541e-21)
(4.22482 -0.045197 1.57555e-21)
(4.68865 0.001493 0)
(4.18006 0.000746238 0)
(4.51422 -0.128053 0)
(4.73061 0.129425 0)
(4.19525 0.0415208 1.43371e-21)
(3.90274 -0.0421858 1.41255e-21)
(4.37566 -0.121949 2.03435e-21)
(4.56701 0.125143 0)
(4.1061 0.0414057 0)
(3.97641 -0.000865548 1.30429e-21)
(3.96818 -0.000210353 0)
(3.94059 -0.000397205 1.25368e-21)
(3.90882 -0.000420527 0)
(3.87399 -0.000419288 1.20392e-21)
(3.8446 -0.000435284 1.1795e-21)
(3.80479 -0.000321025 1.15492e-21)
(3.79479 -0.000347219 0)
(3.74883 -0.000232417 1.10617e-21)
(3.75664 -0.000239626 0)
(3.71293 -0.000446983 1.05704e-21)
(3.68529 -0.000822806 0)
(3.58795 -0.000944819 1.00993e-21)
(3.51874 0.000882866 9.84485e-22)
(3.71668 0.000812372 9.55489e-22)
(3.65758 -0.000459003 9.29545e-22)
(3.64596 -0.000393206 9.04452e-22)
(3.57858 -0.000913832 0)
(3.51808 -0.0357558 8.5263e-22)
(3.84936 0.00223431 0)
(3.53467 0.000282077 -7.94881e-22)
(3.79807 0.00133918 1.17099e-21)
(3.48092 0.000109476 0)
(3.80994 0.00385258 0)
(3.52028 0.0347095 0)
(3.42543 -0.00127924 0)
(3.30808 -0.0030959 0)
(2.94083 -0.0132591 0)
(1.86385 0.00256212 5.22264e-22)
(3.29947 -0.0193466 0)
(3.557 0.00124125 0)
(3.2166 0.000367812 0)
(3.48576 0.00117824 -5.76525e-22)
(3.11473 0.000336679 0)
(3.42312 0.0028355 0)
(3.05647 0.0297437 0)
(2.91825 -0.0296532 0)
(3.18481 -0.0975134 0)
(3.16665 0.00123277 0)
(3.0863 0.00153914 1.38604e-22)
(3.04617 0.00104433 -7.5614e-23)
(3.01098 0.0954337 0)
(2.58442 0.000673303 0)
(2.81768 -0.0912032 0)
(2.79785 0.0907301 -1.50771e-22)
(2.38368 0.00059066 0)
(2.62529 -0.0868564 -3.30734e-22)
(2.58335 0.08494 0)
(2.20587 0.00056481 2.77672e-22)
(2.41344 -0.00112562 -4.86899e-22)
(2.0396 0.000495022 0)
(2.27458 -0.0771349 0)
(2.2155 0.0742556 0)
(1.84507 0.000526809 0)
(2.05868 -0.0701711 -7.83567e-22)
(2.00246 0.068422 0)
(1.6321 0.0158377 5.68973e-22)
(1.53464 -0.00127872 -6.00126e-22)
(1.44458 -0.000710427 0)
(1.42808 -0.000584324 0)
(1.3516 -0.013878 6.94446e-22)
(1.59786 -0.056921 0)
(1.53746 0.00156437 -1.15121e-21)
(1.45483 0.0995791 0)
(0.938966 0.000368442 7.78555e-22)
(1.49161 -0.0842333 -1.20511e-21)
(368.262 0.10258 0)
(1.24815 -0.0249983 0)
(0.545162 0.00159442 6.31756e-23)
(16.5613 -0.0207117 0)
(0.193854 -0.000187637 -7.67154e-23)
(1.04454 0.0150777 0)
(0.996935 0.00102118 -1.5246e-21)
(0.951379 0.000989691 0)
(0.906979 0.00189492 0)
(0.86178 0.00135109 0)
(0.820558 0.000309038 1.6233e-21)
(0.782737 -3.21705e-05 0)
(0.743693 0.000827749 0)
(0.706258 0.000794179 0)
(0.669857 0.00147757 0)
(0.633198 -0.000255436 0)
(0.189536 -1.40449e-05 0)
(0.157503 0.00112423 -4.32449e-22)
(3.78049 0.00447679 1.50695e-21)
(0.193613 0.000556328 0)
(5.63751 0.00939435 0)
(0.44796 0.000183271 0)
(4.9722 0.011077 -3.2517e-20)
(1.16666 0.000669576 0)
(0.368496 -0.0013577 0)
(0.702453 0.000718024 0)
(0.352032 0.00206637 1.84018e-21)
(0.162438 0.000389888 0)
(0.275721 -0.000744707 0)
(0.254623 0.000433367 -1.99486e-21)
(0.234333 0.000414968 0)
(0.214757 0.000398703 0)
(0.196011 0.000378615 -2.0285e-21)
(0.178029 0.000362266 0)
(0.160833 0.000347097 2.04818e-21)
(0.144324 0.000329187 -2.05746e-21)
(0.128562 0.000315459 0)
(0.113513 0.000298131 0)
(0.0991427 0.000287799 2.08222e-21)
(0.0853523 0.000275884 0)
(0.072087 0.000261377 -2.09725e-21)
(0.0594107 0.000250089 0)
(0.0472714 0.000239122 2.11157e-21)
(0.0357032 0.0002267 -2.11923e-21)
(0.0246622 0.000217703 0)
(0.014135 0.000208952 0)
(0.00409974 0.000223355 2.23014e-21)
(-0.00549638 0.000160997 0)
(-0.0146586 0.000165466 -2.09491e-21)
(-0.0234056 0.000162108 0)
(-0.031746 0.000155853 -2.12208e-21)
(-0.039706 0.000150571 0)
(-0.0473656 0.000143631 0)
(-0.0546562 0.000137144 0)
(-0.0616243 0.000131772 2.14134e-21)
(-0.0682705 0.000125849 -2.14453e-21)
(-0.0746325 0.000118925 0)
(-0.0807163 0.000114735 0)
(-0.0865311 0.00010881 0)
(-0.0920763 0.000104619 0)
(-0.0974013 9.94028e-05 0)
(-0.102503 9.48224e-05 -2.15623e-21)
(-0.107395 9.11239e-05 2.15764e-21)
(-0.112084 8.67677e-05 0)
(-0.116589 8.32309e-05 0)
(-0.120912 8.01831e-05 0)
(-0.125087 7.65009e-05 -2.16169e-21)
(-0.129098 7.40053e-05 0)
(-0.132991 7.11605e-05 0)
(-0.136749 6.83848e-05 0)
(-0.140418 6.67127e-05 0)
(-0.143988 6.4176e-05 0)
(-0.147492 6.29283e-05 2.16508e-21)
(-0.150935 6.15895e-05 0)
(-0.154331 6.04374e-05 0)
(-0.157691 6.00061e-05 0)
(-0.161005 5.95541e-05 0)
(-0.164326 6.00063e-05 2.16377e-21)
(-0.167601 6.13411e-05 0)
(-0.17097 6.05877e-05 0)
(-0.17421 2.37293e-05 2.16276e-21)
(-0.177759 3.25145e-05 2.15627e-21)
(-0.180962 6.60507e-05 0)
(-0.184578 6.81745e-05 0)
(-0.188149 6.76209e-05 0)
(-0.191679 9.98615e-05 2.15467e-21)
(-0.195404 6.99287e-05 0)
(-0.19888 4.51e-05 0)
(-0.2031 7.99564e-05 0)
(-0.20716 8.53018e-05 0)
(-0.211918 8.82551e-05 2.15199e-21)
(-0.216267 9.48598e-05 0)
(-0.221657 9.33482e-05 0)
(-0.226007 9.1516e-05 2.14866e-21)
(-0.231082 0.00010709 -2.14783e-21)
(-0.235887 0.000100246 2.14719e-21)
(-0.241404 5.4019e-05 0)
(-0.245893 3.35754e-05 0)
(-0.250419 -0.000480611 2.14655e-21)
(-3.36646 0.00337518 0)
(-0.0872304 0.00023716 0)
(-0.460208 -0.000764347 3.89071e-22)
(-3.58824 0.0028263 -5.26166e-20)
(-0.0924182 2.78871e-05 4.76766e-22)
(-3.72978 -0.00525145 0)
(-3.80137 0.0083888 0)
(-0.0979809 0.000274023 0)
(-0.519776 0.000185553 0)
(-0.536216 0.000471399 3.88134e-22)
(-0.107298 -6.64917e-05 4.74829e-22)
(-0.326356 0.000197187 -2.10334e-21)
(-0.339112 0.000530811 2.13887e-21)
(-0.349304 -0.000106447 0)
(-0.358186 -7.72505e-05 -2.10496e-21)
(-0.367064 0.000396554 2.10481e-21)
(-0.375327 0.00012929 0)
(-0.38132 0.000114456 2.10433e-21)
(-0.388408 0.00161412 2.13575e-21)
(-0.777078 -0.00045619 -4.40527e-22)
(-0.392648 -0.000204648 2.1028e-21)
(-0.394518 0.000276645 -2.10227e-21)
(-0.396898 0.000337822 2.13331e-21)
(-0.39838 -0.000297732 2.13331e-21)
(-0.400194 3.66151e-05 0)
(-0.403742 0.00127629 2.13187e-21)
(-0.850477 -0.000605471 4.41673e-22)
(-0.402996 -0.000274039 -2.09937e-21)
(-0.401659 3.06929e-06 2.09868e-21)
(-0.299397 -0.000269254 -2.97419e-21)
(-0.29986 0.000152472 2.99467e-21)
(-0.386356 -0.000136626 2.12836e-21)
(-5.07985 -0.00230398 -5.24121e-20)
(-0.372984 0.00122315 2.12657e-21)
(-0.367072 -0.000110707 0)
(-0.363484 0.000228689 0)
(-0.359895 -7.71513e-05 2.12322e-21)
(-0.357713 -4.64405e-05 -2.12208e-21)
(-0.356841 -2.22558e-05 2.12087e-21)
(-0.357089 7.26512e-07 2.11961e-21)
(-0.358161 2.37073e-05 -2.11824e-21)
(-0.360742 5.73209e-05 2.11688e-21)
(-0.364806 -0.00157516 0)
(-4.92811 0.000911291 0)
(-0.372022 0.00221376 2.11322e-21)
(-0.657919 -0.000347823 -3.82968e-22)
(-0.379958 7.89878e-06 2.07872e-21)
(-0.664607 -0.0136045 0)
(-0.365699 2.89359e-05 0)
(-0.682841 0.0133943 3.73829e-22)
(-0.37482 -0.000181664 0)
(-0.368407 0.00151053 0)
(-0.148817 -0.000281892 9.8489e-23)
(-4.29701 0.0116718 -5.15416e-20)
(-0.446828 0.00170292 2.09968e-21)
(-0.370437 -0.00232318 -2.09285e-21)
(-0.273845 -0.00221842 0)
(-0.163533 -0.000596346 2.09355e-21)
(-0.180966 -0.00016691 -2.07306e-21)
(-0.218014 -0.00155078 0)
(-0.0552822 -0.00538699 0)
(0.111585 -0.000736518 0)
(0.0703216 0.0004585 1.85414e-21)
(-0.0921137 0.0180306 0)
(-0.0664188 0.00204532 0)
(-0.113431 0.00103929 0)
(-0.154924 0.000871732 2.00637e-21)
(-0.187073 0.000783485 0)
(-0.224488 0.000750157 0)
(-0.260427 0.00124615 0)
(-0.129117 4.98499e-05 9.43331e-23)
(-4.22596 0.00681697 -4.1917e-20)
(-0.154496 0.000376504 -9.40872e-23)
(-0.654791 -0.00020847 0)
(-0.386665 0.000338094 2.01219e-21)
(-0.13061 0.0001116 0)
(-0.136002 2.41779e-05 0)
(-0.423836 -0.000781188 0)
(-0.447762 0.000119259 0)
(-0.469647 -0.00901311 1.97626e-21)
(-0.457611 0.000163251 0)
(-0.278254 0.00539921 0)
(-1.51418 -0.00182407 8.55859e-21)
(-1.47754 -0.000308039 0)
(-0.478658 0.000371802 0)
(-0.448977 -0.0031427 0)
(-2.51237 -0.014106 0)
(-0.287107 -0.000733682 1.96668e-21)
(-0.238013 -0.000542721 0)
(-0.227331 -2.56754e-05 0)
(-0.230865 -4.42702e-06 0)
(-0.237811 -0.00119907 -1.92925e-21)
(-0.151688 -0.00345247 1.93752e-21)
(0.0495113 -0.00274234 0)
(0.306794 -0.00147227 0)
(0.251522 0.000942545 0)
(0.176496 0.00235893 0)
(0.0260855 0.00298494 0)
(-0.156901 0.00253836 1.84742e-21)
(-0.299568 0.00263481 -1.77498e-21)
(-0.529936 0.00320888 0)
(-0.245324 0.000503883 0)
(-0.673332 0.00190094 0)
(-0.750085 0.00351685 1.79714e-21)
(-0.939107 0.00320929 -1.80813e-21)
(-1.10723 0.00156111 0)
(-1.16454 -6.91774e-05 1.8358e-21)
(-1.12363 -0.000875075 -1.84241e-21)
(-1.06386 -0.00139841 1.84714e-21)
(-1.00036 -0.00171186 0)
(-0.862559 0.000184362 0)
(-0.937916 -0.018536 1.86233e-21)
(-1.2048 0.000136018 0)
(-19.2011 0.298161 4.2747e-20)
(-1.07007 -0.00226737 -1.84931e-21)
(-0.825752 -0.000826994 1.82467e-21)
(-0.10895 -0.00021118 0)
(-0.714366 -0.00503358 1.81854e-21)
(-0.346015 -0.00104493 0)
(-0.621114 0.0027943 0)
(-0.739459 0.00264041 3.29846e-22)
(-0.966171 0.00435121 -5.07176e-22)
(-1.23006 0.00483479 4.84019e-22)
(-1.44244 -0.0309262 0)
(-1.52688 0.00199129 0)
(-1.94502 0.0114351 0)
(-2.47332 -0.0210993 -2.70336e-22)
(-2.97103 -0.00502604 0)
(-3.42298 0.0237473 0)
(-3.99452 0.0656893 0)
(-4.27934 0.00268586 -6.15479e-22)
(-4.47707 0.00153268 0)
(-4.55794 0.000867099 0)
(-4.60251 0.00158343 0)
(-4.72822 0.00279229 0)
(-4.92024 -0.0592346 0)
(-4.58751 -0.0256287 -1.41954e-22)
(-4.25043 0.00446121 0)
(-3.46181 0.0177728 0)
(-1.64312 0.0156785 -3.0713e-22)
(0.554107 -0.0151873 3.53163e-22)
(0.923829 -0.000899036 0)
(0.312594 0.00801636 -6.22327e-23)
(-0.286354 0.00175801 -2.44129e-22)
(-0.183666 -0.0111869 0)
(1.12064 -0.00386826 -3.28692e-23)
(1.02165 0.00278245 0)
(-0.732317 0.0628686 1.27705e-22)
(-1.08019 0.00124522 0)
(-7.81252 -0.0281663 0)
(-0.263531 -0.000758365 0)
(-0.256369 -0.00158118 0)
(0.124578 -0.00387262 0)
(0.509646 -0.00382849 0)
(1.08528 -0.00285184 0)
(1.35563 -0.000934288 0)
(1.44552 0.0102511 -4.09369e-22)
(1.3858 0.00357597 0)
(1.21994 -0.000688591 0)
(0.979789 -0.000733221 0)
(0.786851 -0.000479409 0)
(0.711486 -0.00185514 6.07986e-22)
(0.751333 0.000258591 1.01762e-21)
(0.966915 0.00253192 0)
(1.46065 0.00180901 0)
(2.34683 0.00293878 -9.89086e-22)
(3.65443 0.00352881 1.00209e-21)
(4.98885 0.00344414 9.246e-22)
(6.22575 0.00280674 0)
(7.08724 0.000933896 -3.90533e-22)
(6.9207 -0.0122365 0)
(6.99563 -0.0495442 -1.29652e-21)
(5.92182 0.00429755 0)
(4.62076 0.00452144 0)
(3.33467 0.0152171 -3.7471e-21)
(1.81914 0.00114926 0)
(1.32461 -0.0057823 4.26025e-21)
(0.222427 0.000514316 0)
(0.175665 0.0014146 0)
(-0.125988 0.000700686 0)
(-0.32298 0.000500535 0)
(-0.81817 0.000430365 0)
(-0.519616 0.00071161 0)
(-0.742938 -1.87169e-05 0)
(-0.507205 -0.00076337 0)
(-0.515051 9.75316e-06 0)
(-0.511151 -6.98668e-05 0)
(-0.471862 -7.59184e-05 5.99143e-21)
(-0.452964 3.87767e-06 0)
(-0.499148 0.000100477 -5.43219e-21)
(-0.542325 3.76472e-05 -5.18121e-21)
(-0.539196 8.48597e-06 0)
(-0.574158 -6.78667e-06 0)
(-0.537189 -0.000167148 0)
(-0.408394 -0.000236751 -8.62622e-21)
(-0.290851 -0.000141439 0)
(-0.285631 6.57385e-05 -7.80405e-21)
(-0.370225 4.60273e-05 0)
(-5.82138 0.00102137 1.75738e-19)
(-1.11022 0.000179766 0)
(-0.418772 -7.6802e-05 0)
(-0.40426 -7.37822e-05 0)
(-0.315747 1.44473e-05 1.21606e-20)
(-0.447586 0.000300861 0)
(-0.798791 0.000274882 1.13202e-20)
(-0.965415 0.00021996 1.04715e-20)
(-1.23665 0.000306205 -1.04393e-20)
(-1.45347 0.000133886 0)
(-1.4714 -6.07521e-05 -1.0369e-20)
(-1.38664 -0.000388058 0)
(-2.26147 -0.00238799 0)
(0.0841967 -0.000240811 8.10147e-21)
(-0.200818 0.00016497 0)
(-0.342491 -0.000196835 -1.45657e-20)
(0.10014 -8.45365e-05 0)
(-0.242864 0.00027889 0)
(-0.560203 6.90298e-05 -1.14891e-20)
(-6.32069 -0.00439669 0)
(-0.111757 -0.000395319 8.44308e-21)
(0.250971 -0.000303924 0)
(0.56682 -0.000265962 0)
(0.84819 -2.07534e-05 0)
(2.60043 7.67611e-05 0)
(0.777633 -3.37223e-05 0)
(1.16126 0.000154549 0)
(7.80575 0.00114584 2.27179e-19)
(0.496824 6.69543e-06 0)
(0.414977 0.000143963 0)
(0.299942 0.000206859 -1.03024e-20)
(0.168563 0.000196721 0)
(0.074636 0.000266062 -1.26136e-20)
(-0.00114136 0.000248824 0)
(-0.179769 3.64206e-05 0)
(0.52763 0.000383293 -2.90407e-20)
(-1.67406 0.000703629 0)
(-2.05636 -0.00156685 0)
(4.93339 0.00104261 0)
(-10.1236 -0.000312901 2.75701e-20)
(-12.5626 -0.000434731 0)
(49.8366 0.0262258 0)
(0.574229 -0.000444341 -3.0415e-20)
(1.89811 -0.000600519 -3.87359e-21)
(1.30116 0.000192212 2.49445e-20)
(1.09092 0.00281428 0)
(-0.646797 0.00182869 8.80316e-20)
(-0.632152 -0.000421735 0)
(-0.290201 0.00851697 0)
(-1.40609 0.00194154 0)
(-1.73941 -0.0111368 9.32564e-20)
(-1.27233 -0.0228176 4.9269e-20)
(-0.758768 -0.0118323 0)
(-0.923856 0.0192248 5.26117e-20)
(-0.635922 0.00125517 4.77448e-21)
)
;
    }
    lowerWall
    {
        type            calculated;
        value           nonuniform List<vector> 
1064
(
(-0.190765 0.00186191 0)
(-4.65056 -0.000717066 0)
(-10.4793 0.00544018 0)
(-11.6135 0.00244164 0)
(-11.4789 -0.00255382 0)
(-11.2124 -0.000488168 0)
(-8.14823 0.00164799 0)
(-5.38797 -0.000682818 0)
(-3.19436 -0.000359677 0)
(-2.76054 -0.000605726 0)
(-1.94099 -0.00164356 0)
(-1.75187 0.00049479 0)
(-0.117281 -9.39595e-06 0)
(1.89422 -0.000269126 0)
(1.90078 0.000343788 0)
(0.394099 0.000289848 0)
(0.0286071 -0.000327252 0)
(-0.338015 -8.0676e-05 0)
(-0.28819 -0.000149727 0)
(-0.880535 -0.00033872 0)
(-1.49059 -4.08597e-05 0)
(-1.11494 0.000311829 0)
(-0.447487 0.000273962 0)
(-0.131264 0.000137924 0)
(0.0648199 0.000160899 0)
(0.432545 -2.6526e-05 0)
(0.0136394 -0.000492972 0)
(-0.385923 -6.50368e-05 0)
(-0.581665 6.25082e-05 0)
(-0.612959 -0.000281487 0)
(-1.41644 -0.000339529 0)
(-1.69335 0.00133269 0)
(-2.05597 -0.000111703 0)
(-2.73885 -0.00174616 0)
(-2.513 0.000145951 0)
(-2.3605 -0.000199812 0)
(-3.15836 0.00330843 0)
(-4.29171 0.00136249 0)
(-5.76546 0.000444279 0)
(-6.79881 0.000293004 0)
(-7.37709 0.000164828 0)
(-7.69974 7.82222e-05 0)
(-7.81476 -7.79239e-05 0)
(-7.30591 -0.000305087 0)
(-6.24463 -0.000409645 0)
(-5.2074 -0.000445679 0)
(-3.98127 -0.000584993 0)
(-2.2018 -0.000905574 0)
(-2.66436 -0.00196736 0)
(-1.47133 6.59196e-05 0)
(-0.818729 -0.00100726 0)
(0.962764 8.84262e-05 0)
(0.193634 -0.000350886 0)
(-1.19991 -3.41944e-05 0)
(-0.0290187 0.000850657 0)
(0.789149 0.000153883 0)
(0.469724 -9.39421e-05 0)
(0.567152 -8.45695e-05 0)
(0.25874 -0.000602041 0)
(-0.927819 -0.000606214 0)
(-1.32217 2.23875e-05 0)
(-0.897367 0.000243411 0)
(-0.27892 -4.73891e-05 0)
(-1.18758 -0.000172743 0)
(-1.16174 0.00047026 0)
(-0.135957 0.000253138 0)
(-0.506557 -0.000436013 0)
(-1.17685 0.000297143 0)
(0.0879087 0.000590653 0)
(0.125817 -2.16974e-05 0)
(0.071722 0.000671182 0)
(1.81283 -0.0018481 0)
(2.70466 3.437e-05 0)
(2.04066 0.00212622 0)
(0.601527 -0.00129971 0)
(-0.931231 -0.000702519 0)
(-0.997307 -2.17944e-06 0)
(-0.901741 -0.000401622 0)
(-1.85822 -0.000315994 0)
(-1.67418 0.000493773 0)
(-0.916944 0.000405074 0)
(-12.8436 0.00843304 0)
(0.263977 0.0013285 0)
(2.13869 0.000713213 0)
(2.0039 -0.00057187 0)
(1.03511 -0.00106317 0)
(-0.00033597 -0.000208491 0)
(-2.28154 0.00352989 0)
(-1.94787 0.000802805 0)
(-1.36369 0.000600953 0)
(-4.53348 0.00153925 0)
(-5.75373 -7.72788e-05 0)
(-4.1615 -0.00268551 0)
(-0.74187 -0.000554079 0)
(-2.49664 0.00162349 0)
(-2.43511 -0.00121251 0)
(-2.48037 -0.00446574 0)
(-2.03127 0.00143296 0)
(-0.146531 0.000289582 0)
(-0.895248 -0.00409287 0)
(-1.83456 -0.00183644 0)
(-3.12081 0.0053036 0)
(-3.39185 0.00221707 0)
(-5.09088 0.00174156 0)
(-8.71704 -0.000111378 0)
(-4.70935 -0.002822 0)
(1.07145 -0.00440654 0)
(1.42339 0.000791254 0)
(2.16316 -0.00665232 0)
(4.86078 0.000934303 0)
(6.83361 0.0159527 0)
(7.18068 -0.0167353 0)
(6.76234 -0.00400196 0)
(6.81354 1.91223e-05 0)
(6.72593 0.000131701 0)
(6.49439 0.000236695 0)
(6.09928 0.000332875 0)
(5.65076 0.000260808 0)
(5.42444 0.00347743 0)
(5.77166 0.011881 0)
(5.50737 -0.0138538 0)
(4.22863 -0.00236742 0)
(3.05371 0.00058636 0)
(2.63487 0.00187234 0)
(2.33289 0.00270877 0)
(1.86227 -0.000171213 0)
(1.52173 0.0034661 0)
(0.959953 -0.000587409 0)
(0.802512 -0.000685582 0)
(1.12838 -0.000422322 0)
(1.75216 -0.000602039 0)
(2.41621 -0.000563712 0)
(2.92418 -0.00043068 0)
(3.28943 -0.000290938 0)
(3.48167 0.00237472 0)
(3.73812 -0.00411576 0)
(3.54406 -8.65109e-05 0)
(3.57742 0.00389373 0)
(3.19123 -0.000828677 0)
(2.66903 -0.00688482 0)
(1.86177 -0.000326306 0)
(1.35268 0.00413633 0)
(0.712797 -0.000914338 0)
(0.186516 -0.00215419 0)
(-0.25806 0.000209435 0)
(-0.50215 -0.000291037 0)
(-0.692409 -0.000732519 0)
(-10.0747 0.0301753 0)
(-0.821788 -7.8749e-05 0)
(-0.904917 -0.00173373 0)
(-0.92072 -9.90106e-06 0)
(-0.930501 9.05987e-06 0)
(-0.930424 3.96213e-05 0)
(-0.913548 0.00184402 0)
(-0.801248 4.63862e-05 0)
(-0.355752 -0.000764736 0)
(-0.348977 1.79354e-05 0)
(-0.341958 2.96379e-05 0)
(-0.758033 0.000254317 0)
(-0.72714 2.9911e-05 0)
(-0.720992 -5.6129e-05 0)
(-0.729251 -2.38197e-05 0)
(-0.765181 -6.76829e-05 0)
(-11.5254 0.0309754 0)
(-1.02621 0.000904932 0)
(-1.12523 0.000119035 0)
(-1.23214 2.39436e-06 0)
(-1.12482 0.000152086 0)
(-1.50439 0.000388367 0)
(-1.81112 0.000279511 0)
(-1.98822 -0.00182199 0)
(-2.02947 -0.000586823 0)
(-1.37479 0.00122328 0)
(-0.805616 -0.000477006 0)
(-0.565911 -0.000839207 0)
(-0.924702 -0.00267858 0)
(-1.2824 -0.000943081 0)
(-1.7161 0.00481373 0)
(-2.2304 0.00191725 0)
(-1.70214 -0.00102001 0)
(-0.664826 -0.00164496 0)
(-1.49219 -0.00178468 0)
(-0.509653 -0.00477533 0)
(4.24019 -0.00501674 0)
(6.86716 0.00562882 0)
(6.24422 0.0284642 0)
(4.69005 -0.0172796 0)
(3.63427 -0.000526308 0)
(3.20848 0.00276104 0)
(2.23329 -0.000473603 0)
(1.85907 0.00161703 0)
(1.73314 0.000556006 0)
(3.25337 0.00907333 0)
(4.54062 0.00153677 0)
(4.43412 -0.0207745 0)
(3.33573 -0.00443911 0)
(3.41306 0.000205779 0)
(3.06745 0.00303215 0)
(1.05001 -0.000342121 0)
(0.719923 0.00461076 0)
(3.00886 -0.0123565 0)
(2.47576 -0.00105659 0)
(0.0133147 0.00415866 0)
(-2.83668 -0.000221358 0)
(-1.8414 -0.0137378 0)
(-4277.3 8.20112 0)
(-8.74193 0.154766 0)
(-1.90678 0.00265488 0)
(-2.26096 -0.00296586 0)
(-2.84718 -0.0156252 0)
(-2.5801 0.00079351 0)
(-2.31239 0.00106333 0)
(-1.90461 0.00155421 0)
(-1.34675 0.00323401 0)
(-7.88544 0.349894 0)
(0.0572396 0.00107683 0)
(0.929739 -0.00135896 0)
(1.36393 0.00178481 0)
(1.70231 -0.00218124 0)
(2.61796 -0.00418279 0)
(3.24136 -0.00104929 0)
(3.62257 0.00537707 0)
(3.93152 -0.00837709 0)
(4.28952 -0.00695862 0)
(4.46922 -0.000281385 0)
(4.48106 0.00734461 0)
(4.79665 0.00388148 0)
(4.78875 -0.0222406 0)
(4.29705 -0.000226045 0)
(4.43503 0.0207226 0)
(4.19496 -0.0442637 0)
(3.34789 -0.000304903 0)
(3.88831 0.00394112 0)
(2.98162 -0.000302518 0)
(3.09145 0.00110291 0)
(2.32779 -0.00403955 0)
(1.962 0.00385474 0)
(2.00033 0.0176072 0)
(1.7323 -0.000957568 0)
(1.51479 -0.000860408 0)
(1.29769 -0.00067373 0)
(1.30491 -0.000836048 0)
(0.365631 -0.000362689 0)
(0.276901 -0.000452786 0)
(5.17515 -0.0114465 0)
(0.199687 -0.000463718 0)
(0.0515542 -0.00133773 0)
(-0.199146 -0.00169351 0)
(-0.306363 0.000610403 0)
(-0.418697 0.000290442 0)
(-0.535259 -0.00093213 0)
(-0.263458 0.000658726 0)
(-0.725512 0.00170784 0)
(-0.76416 0.000182448 0)
(-0.819674 0.000132534 0)
(-0.828153 -0.000137533 0)
(-0.746436 -0.00260204 0)
(-0.34102 -0.00152007 0)
(-80.5745 0.172072 0)
(-0.382314 0.00114343 0)
(-0.0985912 -0.000352202 0)
(-0.615802 0.00222295 0)
(-0.999827 0.0036547 0)
(-1.29301 0.00106283 0)
(-1.47785 0.00065776 0)
(-1.58547 0.000397087 0)
(-1.65097 0.000254731 0)
(-1.6941 0.000160478 0)
(-1.71757 0.00012179 0)
(-1.74375 0.000147264 0)
(-1.77735 -0.00713013 0)
(-1.93329 -0.0202383 0)
(-1.98711 -0.000296416 0)
(-2.01116 0.000123847 0)
(-1.97943 0.0263185 0)
(-1.71335 0.00698392 0)
(-1.53142 -0.00677087 0)
(-1.44272 -0.00376367 0)
(-1.11927 0.00483747 0)
(-0.979981 -0.00446479 0)
(-0.904734 -0.0134283 0)
(-0.198531 0.00022204 0)
(-0.29014 0.00100116 0)
(-0.60155 0.000348057 0)
(-8.25536 0.113228 0)
(-0.672567 0.00313214 0)
(-0.741265 0.00018976 0)
(-0.733607 -0.00335225 0)
(-0.669224 -0.000873589 0)
(-0.60284 -1.88869e-05 0)
(-0.646461 -0.00737174 0)
(-0.667209 0.00787938 0)
(-0.764556 0.00400651 0)
(-0.882629 0.000500828 0)
(-0.904539 0.000114015 0)
(-0.915795 0.000462446 0)
(-1.05329 0.000911934 0)
(-1.18519 0.000738724 0)
(-1.26764 -0.00685978 0)
(-1.3142 -7.52397e-05 0)
(-1.3078 0.00741479 0)
(-1.34833 0.000218432 0)
(-1.36796 5.56469e-05 0)
(-1.36152 -6.44514e-05 0)
(-1.34146 -0.00795382 0)
(-1.3231 -0.000503319 0)
(-1.18524 0.00733737 0)
(-1.16921 -0.00010946 0)
(-1.1496 -0.000578084 0)
(-1.00439 -0.000676645 0)
(-0.963826 -0.0063868 0)
(-1.02132 0.00100856 0)
(-1.10084 -0.000729154 0)
(-1.33404 0.0122335 0)
(-1.02745 0.00194263 0)
(-9.55434 -0.314011 0)
(-0.112935 0.00430991 0)
(-0.0617606 -0.00242152 0)
(-0.172576 -0.00326206 0)
(-0.354525 0.00220988 0)
(-0.449078 0.000665307 0)
(-0.502944 -0.00349624 0)
(-7.17127 -0.0562032 0)
(-0.634186 -0.00114303 0)
(-0.672768 -0.00169906 0)
(-0.918495 0.0134228 0)
(-0.770121 0.000477417 0)
(-0.855815 -0.0135348 0)
(-0.707329 0.00325154 0)
(-0.535991 0.00219874 0)
(-0.419287 0.00029039 0)
(-0.577085 0.000999673 0)
(-0.173099 -0.000169718 0)
(-0.10942 0.00361497 0)
(-0.371603 0.00334585 0)
(-0.469598 0.00104465 0)
(-0.578984 0.00114628 0)
(-0.693769 0.00135459 0)
(-0.834457 0.00149264 0)
(-0.969388 0.00175807 0)
(-1.15197 -0.0103338 0)
(-1.40675 -0.0253652 0)
(-1.57257 -0.00337651 0)
(-1.77653 -0.00270188 0)
(-1.8861 -0.0024624 0)
(-2.11544 -0.00218533 0)
(-2.18781 -0.00291178 0)
(-2.55109 -0.0043935 0)
(-2.77373 0.0658919 0)
(-3.32297 -0.0263937 0)
(-0.296953 0.00668632 0)
(-8.09239 0.418065 0)
(0.0010081 0.213689 0)
(0.0026869 0.0385834 0)
(0.00533244 0.0312517 0)
(0.00764317 0.0308572 -0)
(0.0100547 0.0303802 3.61883e-24)
(0.012505 0.0298515 2.31825e-25)
(0.014992 0.0292953 4.44344e-24)
(0.0175292 0.0287263 -1.75928e-23)
(0.0201283 0.0281481 2.84382e-23)
(0.0227992 0.0275543 -1.95868e-23)
(0.0255511 0.0269303 -0)
(0.0283909 0.0262545 0)
(0.031323 0.0255006 0)
(0.034349 0.0246389 0)
(0.0374679 0.0236375 -5.45814e-23)
(0.0406758 0.0224636 5.57652e-23)
(0.043967 0.0210848 -0)
(0.0473345 0.0194705 1.28341e-22)
(0.0507719 0.0175931 -1.31579e-22)
(0.0542738 0.0154285 1.42633e-22)
(0.0578371 0.0129574 -1.46557e-22)
(0.0614609 0.010165 0)
(0.0651463 0.00704066 -3.32935e-22)
(0.0688962 0.00357736 3.43014e-22)
(0.0727144 -0.000229136 -3.67781e-22)
(0.0766058 -0.00438153 3.79292e-22)
(0.0805758 -0.0088824 0)
(0.0846313 -0.0137357 0)
(0.0887801 -0.0189485 0)
(0.0930306 -0.0245339 0)
(0.0973916 -0.0305128 0)
(0.101872 -0.0369182 0)
(0.106475 -0.0437955 -1.0415e-21)
(0.1112 -0.0512034 2.14866e-21)
(0.116037 -0.0592161 -1.10662e-21)
(0.120963 -0.067923 -0)
(0.125936 -0.0774214 0)
(0.130891 -0.0878082 0)
(0.13575 -0.09918 0)
(0.140412 -0.111629 0)
(0.14475 -0.125227 -0)
(0.148626 -0.140003 2.61583e-21)
(0.151891 -0.155945 -7.92499e-21)
(0.154396 -0.173012 5.32223e-21)
(0.155982 -0.191131 0)
(0.156497 -0.210194 5.37188e-21)
(0.155797 -0.230053 -5.38942e-21)
(0.153752 -0.250527 -0)
(0.150252 -0.271412 -5.35563e-21)
(0.145208 -0.292481 5.37042e-21)
(0.138541 -0.313501 0)
(0.130262 -0.334202 5.28224e-21)
(0.120449 -0.354876 -5.31392e-21)
(0.109388 -0.375852 1.00134e-20)
(0.0967714 -0.395271 -9.65565e-21)
(0.0827047 -0.412718 -0)
(0.0674707 -0.427784 0)
(0.051407 -0.440058 -0)
(0.0348687 -0.449164 8.14678e-21)
(0.0182595 -0.454718 -8.04736e-21)
(0.0020321 -0.456228 -0)
(-0.0131833 -0.453034 0)
(-0.0262749 -0.444628 0)
(-0.0360251 -0.43102 -1.58118e-20)
(-0.0412662 -0.412426 1.62729e-20)
(-0.0408301 -0.389462 0)
(-0.0339618 -0.362992 0)
(-0.0203334 -0.333573 0)
(0.000143977 -0.302075 0)
(0.0258845 -0.270838 0)
(0.0513022 -0.247363 0)
(0.0642807 -0.236306 0)
(0.0453157 -0.240244 0)
(-0.0393079 -0.238562 0)
(-0.177895 -0.161285 0)
(-0.263705 -0.00366323 -0)
(-0.26896 0.144948 5.67481e-20)
(-0.254875 0.262812 -8.66727e-20)
(-0.240487 0.372417 3.1611e-20)
(-0.225806 0.480653 0)
(-0.21539 0.599682 -2.0392e-20)
(-0.203369 0.718641 1.77037e-20)
(-0.190067 0.836443 0)
(-0.175894 0.952499 0)
(-0.16108 1.06609 -0)
(-0.145864 1.17641 1.1058e-20)
(-0.130448 1.28262 -1.04177e-20)
(-0.115032 1.38388 -0)
(-0.0997778 1.47938 0)
(-0.0847993 1.56837 -0)
(-0.0701743 1.65007 1.59003e-20)
(-0.055966 1.72368 -1.54417e-20)
(-0.0422598 1.78842 0)
(-0.0290539 1.84355 1.44084e-20)
(-0.0161778 1.88832 -1.41764e-20)
(-0.00368942 1.92157 0)
(0.0067848 1.93992 0)
(0.0145835 1.94843 0)
(0.0211234 1.95109 0)
(0.0265188 1.94871 0)
(0.0309629 1.943 3.08381e-20)
(0.0347698 1.93436 5.99173e-22)
(0.0380102 1.92363 -3.16704e-20)
(0.0408544 1.91117 0)
(0.0433788 1.89741 0)
(0.0456568 1.88259 0)
(0.0477614 1.86699 0)
(0.0498387 1.85077 0)
(0.0520516 1.83401 3.69589e-20)
(0.0545281 1.81674 -3.72287e-20)
(0.0573977 1.79895 0)
(0.0607518 1.78056 -3.94828e-20)
(0.0646431 1.76152 3.98129e-20)
(0.0691198 1.74174 0)
(0.07419 1.72114 0)
(0.0798727 1.69967 0)
(0.0861953 1.67725 0)
(0.0931703 1.6538 0)
(0.100761 1.62921 0)
(0.108871 1.60341 0)
(0.117394 1.5764 0)
(0.12622 1.54817 0)
(0.135216 1.51874 0)
(0.144171 1.48811 0)
(0.152823 1.45639 0)
(0.160877 1.42372 0)
(0.168004 1.39032 5.89854e-20)
(0.173874 1.35644 -6.0092e-20)
(0.178105 1.32236 0)
(0.180322 1.28846 0)
(0.180168 1.25513 0)
(0.177306 1.22281 0)
(0.171457 1.19194 0)
(0.162504 1.163 0)
(0.150274 1.13636 -6.74966e-20)
(0.134649 1.11218 6.87159e-20)
(0.115758 1.09089 -6.64515e-20)
(0.0938914 1.07291 6.74382e-20)
(0.0695968 1.05833 -6.34437e-20)
(0.0435395 1.04729 1.25272e-19)
(0.0166203 1.03985 -1.20169e-19)
(-0.0100372 1.03605 5.87398e-20)
(-0.0351396 1.03576 0)
(-0.0573209 1.03865 0)
(-0.0752664 1.04422 -0)
(-0.0877916 1.05183 2.19576e-20)
(-0.0938787 1.06076 -2.16762e-20)
(-0.0927713 1.06995 -0)
(-0.0841626 1.078 0)
(-0.0682947 1.08317 -2.11698e-20)
(-0.046037 1.08359 2.10862e-20)
(-0.018815 1.07759 -2.39457e-20)
(0.0115239 1.06388 5.0112e-20)
(0.0428544 1.04152 -2.6324e-20)
(0.0730272 1.01047 3.06402e-20)
(0.100193 0.971239 -3.13048e-20)
(0.121472 0.92555 -3.49598e-20)
(0.136729 0.880069 -8.35271e-22)
(0.148143 0.837579 -5.51463e-22)
(0.154943 0.796354 6.92371e-20)
(0.157246 0.75642 -3.41753e-20)
(0.15518 0.71933 -0)
(0.149045 0.686836 0)
(0.139529 0.660547 0)
(0.127594 0.641726 -3.07304e-20)
(0.114448 0.631061 6.02673e-20)
(0.101418 0.628394 -5.94056e-20)
(0.089772 0.632547 2.93439e-20)
(0.080518 0.641381 0)
(0.0741929 0.652057 1.61003e-20)
(0.0707594 0.661709 -3.29431e-20)
(0.0696947 0.66823 3.48864e-20)
(0.0700516 0.669977 -1.79817e-20)
(0.0705548 0.665458 1.99964e-20)
(0.0698058 0.653394 5.98983e-22)
(0.0662852 0.632547 -2.09675e-20)
(0.0584444 0.601629 0)
(0.0447032 0.559233 0)
(0.023448 0.503659 1.78638e-20)
(-0.00692165 0.433211 -1.81648e-20)
(-0.0479437 0.346243 -4.67601e-21)
(-0.100971 0.241572 5.76718e-21)
(-0.166922 0.119 -9.56922e-22)
(-0.245891 -0.0199961 0)
(-0.336721 -0.171719 0)
(-0.436946 -0.330051 0)
(-0.547268 -0.490952 -1.81205e-20)
(-0.679109 -0.662828 4.32294e-20)
(-0.823614 -0.835589 -2.53341e-20)
(-0.987809 -1.00518 0)
(-1.1605 -1.168 -1.22729e-20)
(-1.29026 -1.37724 1.27219e-20)
(0.0812657 0.00283472 0)
(0.342722 0.00246716 -1.53012e-23)
(0.517289 -0.0011827 -0)
(0.193224 -0.00505515 0)
(-0.364868 -0.00560582 0)
(-0.890492 -0.00469725 0)
(-1.27816 -0.003057 0)
(-1.50066 -0.00161973 0)
(-1.6107 -0.000628216 0)
(-1.64527 -5.02294e-05 0)
(-1.6424 0.000256593 0)
(-1.61703 0.000406725 0)
(-1.5842 0.000474803 0)
(-1.54683 -0.000126776 0)
(-0.808215 0.000327895 0)
(-1.45116 -0.00119639 0)
(-0.52862 0.000289683 0)
(-1.31072 0.00350371 8.93746e-24)
(-1.22118 0.00120832 8.01973e-24)
(-1.22448 0.00121959 1.09814e-23)
(-1.01635 0.000736728 0)
(-0.905441 0.00118698 5.44443e-24)
(-0.793058 0.00113529 4.67643e-24)
(-0.68623 0.00101091 0)
(-0.59362 0.000853473 0)
(-0.514757 0.000730043 0)
(-0.445628 0.000645229 0)
(-0.383387 0.00058435 0)
(-0.326639 0.000528303 -1.68186e-24)
(-0.275227 0.000472518 1.40252e-24)
(-0.22964 0.000412949 0)
(-0.190032 0.000355816 9.91763e-25)
(-0.156177 0.000300678 0)
(-0.127725 0.000251656 0)
(-0.104253 0.000206345 0)
(-0.0852118 0.000166594 0)
(-0.070179 0.000129815 0)
(-0.0587764 9.72848e-05 5.32373e-25)
(-0.0506599 6.68235e-05 5.15276e-25)
(-0.0455791 3.91925e-05 5.03984e-25)
(-0.0432909 1.26336e-05 0)
(-0.0436845 -1.20816e-05 4.85086e-25)
(-0.0466922 -3.60683e-05 4.71501e-25)
(-0.0521688 -5.83866e-05 0)
(-0.0601204 -7.9486e-05 4.20044e-25)
(-0.0700373 -9.66722e-05 3.76057e-25)
(-0.0816976 -0.000109392 0)
(-0.0938561 -0.000111897 0)
(-0.105463 -0.000105367 -1.60624e-25)
(-0.114955 -8.3646e-05 -0)
(-0.12098 -5.32204e-05 0)
(-0.122635 -1.41603e-05 -1.2666e-25)
(-0.119732 2.3439e-05 0)
(-0.113117 5.42981e-05 0)
(-0.103916 7.37361e-05 -3.24718e-25)
(-0.0935776 8.03355e-05 0)
(-0.0834491 7.48852e-05 0)
(-0.0747354 6.06335e-05 -3.61868e-25)
(-0.068065 4.09184e-05 0)
(-0.0639224 1.88353e-05 0)
(-0.0623049 -3.95077e-06 -2.86582e-25)
(-0.0632922 -2.63934e-05 -0)
(-0.0665343 -4.81033e-05 -2.13369e-25)
(-0.0718761 -6.9346e-05 1.76053e-25)
(-0.0790603 -8.73352e-05 -1.38835e-25)
(-0.0875887 -0.000102006 -0)
(-0.0973267 -0.000113436 -0)
(-0.107656 -0.000121747 3.11908e-26)
(-0.119089 -0.000130726 0)
(-0.131618 -0.000132994 -3.99087e-26)
(-0.14346 -0.000137636 -0)
(-0.155267 -0.000171188 -0)
(-0.170112 -0.000237595 0)
(-0.194128 -0.000303085 -2.07228e-25)
(-0.226755 -0.000317968 0)
(-0.259856 -0.00029887 -2.70715e-25)
(-0.289684 -0.000287725 -0)
(-0.318065 -0.000300755 -0)
(-0.348045 -0.000324196 0)
(-0.38019 -0.000352993 -1.11652e-25)
(-0.416155 -0.000384898 2.97919e-26)
(-0.45552 -0.000410011 7.60064e-26)
(-0.498859 -0.000432429 -2.13535e-25)
(-0.546092 -0.000432033 0)
(-0.593845 -0.000411779 -6.33168e-25)
(-0.64224 -0.000364595 -0)
(-0.686239 -0.000269221 0)
(-0.721134 -0.000138561 -0)
(-0.744695 1.74822e-05 0)
(-0.753245 0.000199411 0)
(-0.742896 0.000396617 0)
(-0.714206 0.000592322 4.70588e-24)
(-0.665467 0.000785023 0)
(-0.597426 0.000959622 0)
(-0.51304 0.00111881 0)
(-0.412653 0.00125594 0)
(-0.300233 0.00137707 9.55665e-24)
(-0.177868 0.00147169 1.05998e-23)
(-0.0548567 0.00238863 0)
(0.0860784 0.00131375 0)
(0.225576 0.00141134 0)
(0.366402 0.00145082 0)
(0.508525 0.00145795 -1.40761e-23)
(0.649042 0.00191933 0)
(1.26834 0.0038698 0)
(0.315595 0.000399453 0)
(1.06392 0.000196066 0)
(1.19415 0.00133033 0)
(1.32122 0.00127943 -1.64915e-23)
(1.44338 0.00122726 0)
(1.56081 0.00116995 0)
(1.672 0.00110493 1.67396e-23)
(1.77751 -0.00174204 1.66974e-23)
(22.0589 0.0123967 0)
(1.9761 0.00386471 1.64207e-23)
(2.06297 0.000231481 0)
(2.14336 0.000129821 0)
(2.21853 0.0013287 1.54259e-23)
(2.29715 0.000664752 0)
(2.357 0.00060941 0)
(2.42511 0.00127318 -0)
(2.47667 0.000482366 1.3879e-23)
(2.52449 -0.000342379 1.33628e-23)
(2.56179 -0.000287585 0)
(2.60634 0.00105291 0)
(2.64315 0.00103279 0)
(2.66952 -0.000582501 0)
(2.68793 0.000200101 0)
(2.71645 0.000957758 -0)
(2.72922 8.55377e-05 8.79756e-24)
(2.74011 5.37997e-05 0)
(2.74679 1.02091e-05 0)
(2.74936 -2.84643e-05 6.52783e-24)
(2.74849 -6.94192e-05 5.74375e-24)
(2.74317 -0.00011623 0)
(2.73338 -0.00100582 4.1615e-24)
(2.71422 -0.000892873 3.30734e-24)
(2.70293 -0.000134427 -2.49775e-24)
(2.69064 0.000540097 -0)
(2.6769 0.00056792 8.6222e-25)
(2.65338 -0.00114591 -6.69704e-26)
(2.62255 -0.000268484 -7.58308e-25)
(2.60645 0.00055042 -0)
(2.57668 -0.0011645 2.40066e-24)
(2.54161 -0.00032055 -3.19206e-24)
(2.51901 0.000459459 -0)
(2.48464 -0.000388364 0)
(2.45089 -0.000398295 0)
(2.41446 -0.000421468 0)
(2.37642 -0.00351002 -7.22504e-24)
(2.31943 -0.000402761 -0)
(2.30328 0.00261292 0)
(2.26109 -0.000465792 -9.5412e-24)
(2.21986 -0.00715696 -1.02847e-23)
(6.57564 -0.0015165 0)
(2.13845 0.0103674 -1.17523e-23)
(2.04819 -0.000376266 -2.33076e-24)
(2.05514 -0.00463745 -0)
(2.01075 -0.00446185 0)
(22.7882 -0.0137298 -2.93691e-22)
(1.92212 0.000184685 1.50017e-23)
(1.8857 0.00024887 -1.58577e-23)
(1.84294 -0.000469173 -0)
(1.80075 0.00175306 0)
(3.12715 -0.000725295 -3.69713e-24)
(1.71933 -0.00260796 -0)
(1.67749 0.00202096 0)
(2.90981 -0.000180223 0)
(0.875568 -0.000518783 0)
(1.55863 -0.00175974 -2.05733e-23)
(1.51938 -0.000425655 -0)
(1.48094 -0.00041943 0)
(1.44297 -0.00106676 -2.21125e-23)
(1.40149 -0.000385151 -2.22727e-23)
(1.36916 0.000252309 -0)
(1.3329 -0.000393306 -2.35491e-23)
(1.29736 -0.000386116 -2.39998e-23)
(1.26247 -0.000379506 2.4438e-23)
(1.22829 -0.000371812 0)
(1.19458 -0.000344904 -2.52766e-23)
(1.1617 -0.00102617 2.56728e-23)
(4.4388 -0.00138406 -1.04143e-22)
(1.0978 0.000633023 -0)
(1.06687 -0.00033527 2.68211e-23)
(1.0366 -0.000327962 -2.71765e-23)
(1.007 -0.000320747 -2.75209e-23)
(0.978552 -0.000313528 0)
(0.950285 -0.000305814 -2.82008e-23)
(0.922681 -0.000298569 0)
(0.895292 -0.000290951 -2.8802e-23)
(0.868978 -0.00028388 -0)
(0.843326 -0.000277054 0)
(0.818264 -0.000270158 -2.96459e-23)
(0.793878 -0.000263408 0)
(0.770183 -0.000256719 -3.01697e-23)
(0.746954 -0.00024996 -3.04143e-23)
(0.724369 -0.000243525 -3.06517e-23)
(0.702352 -0.000237131 3.08774e-23)
(0.68092 -0.000231157 -3.10981e-23)
(0.660059 -0.000225161 -3.13139e-23)
(0.639757 -0.00021933 0)
(0.619937 -0.000213661 -3.17173e-23)
(0.600607 -0.000208345 -3.19069e-23)
(0.581766 -0.000203074 3.20892e-23)
(0.563348 -0.000198333 -3.22626e-23)
(0.545382 -0.00019384 -3.24309e-23)
(0.527818 -0.00018977 0)
(0.510668 -0.00018595 -3.27496e-23)
(0.493771 -0.000182493 0)
(0.477252 -0.000179444 -3.30401e-23)
(0.46095 -0.000176781 -0)
(0.444882 -0.000174365 0)
(0.429038 -0.000172158 -3.34317e-23)
(0.413392 -0.000170033 0)
(0.39795 -0.000167871 -3.36643e-23)
(0.382722 -0.000165493 -3.37728e-23)
(0.36774 -0.000162657 -3.38762e-23)
(0.353049 -0.000159151 3.39746e-23)
(0.338718 -0.000154851 0)
(0.324816 -0.000149663 -3.41576e-23)
(0.311422 -0.000143688 3.42425e-23)
(0.298595 -0.000137135 -3.4323e-23)
(0.286369 -0.000130474 -0)
(0.274723 -0.000124037 3.44717e-23)
(0.263632 -0.000118104 -3.454e-23)
(0.253038 -0.000112813 -3.46044e-23)
(0.242886 -0.000108165 0)
(0.233121 -0.000104111 -3.47219e-23)
(0.223692 -0.00010055 -3.47751e-23)
(0.214569 -9.73333e-05 -0)
(0.205717 -9.44259e-05 0)
(0.197123 -9.1668e-05 0)
(0.18877 -8.90814e-05 -3.49534e-23)
(0.180649 -8.65777e-05 0)
(0.172749 -8.42282e-05 -3.5023e-23)
(0.165059 -8.1961e-05 -3.50533e-23)
(0.15757 -7.98487e-05 -0)
(0.15027 -7.78462e-05 0)
(0.143144 -7.60188e-05 -3.51265e-23)
(0.136183 -7.42784e-05 -3.51453e-23)
(0.129373 -7.26966e-05 0)
(0.122703 -7.12084e-05 -3.51745e-23)
(0.11616 -6.98782e-05 -0)
(0.109735 -6.86102e-05 3.51928e-23)
(0.103415 -6.74741e-05 0)
(0.0971955 -6.63566e-05 -3.51999e-23)
(0.0910673 -6.53524e-05 0)
(0.0850233 -6.43507e-05 -3.51951e-23)
(0.0790594 -6.34383e-05 -0)
(0.0731326 -6.24596e-05 0)
(0.0673628 -6.15132e-05 0)
(0.061624 -6.03451e-05 -0)
(0.056008 -5.9167e-05 0)
(0.0504956 -5.78616e-05 0)
(0.045111 -5.64758e-05 0)
(0.0398462 -5.49183e-05 0)
(0.0346952 -5.32359e-05 0)
(0.0297005 -5.15234e-05 -3.4921e-23)
(0.0248442 -4.97116e-05 -0)
(0.0201271 -4.78714e-05 0)
(0.0155334 -4.58172e-05 0)
(0.0110828 -4.34527e-05 0)
(0.00677496 -4.01659e-05 -0)
(0.00261646 -3.3194e-05 0)
(-0.0015078 -5.41457e-05 0)
(-0.00537854 -4.31676e-05 0)
(-0.00919792 -4.0671e-05 0)
(-0.0129067 -3.93728e-05 -0)
(-0.0165206 -3.83217e-05 0)
(-0.0200462 -3.74253e-05 0)
(-0.0234884 -3.6468e-05 0)
(-0.0268318 -3.55664e-05 -3.49821e-23)
(-0.0301014 -3.46828e-05 -3.49458e-23)
(-0.0332988 -3.39359e-05 -0)
(-0.0364209 -3.32109e-05 -3.48949e-23)
(-0.0394729 -3.25469e-05 -0)
(-0.0424645 -3.18984e-05 0)
(-0.0453954 -3.12928e-05 -3.47904e-23)
(-0.0482681 -3.06847e-05 -3.4755e-23)
(-0.0510813 -3.01231e-05 -0)
(-0.0538403 -2.95472e-05 3.46826e-23)
(-0.0565545 -2.9016e-05 0)
(-0.0592033 -2.84398e-05 -3.46074e-23)
(-0.0617726 -2.78463e-05 -0)
(-0.0643251 -2.72507e-05 -3.45172e-23)
(-0.0668154 -2.66755e-05 -0)
(-0.0692519 -2.60628e-05 3.44422e-23)
(-0.071636 -2.54734e-05 0)
(-0.0739638 -2.48376e-05 -3.43646e-23)
(-0.0762292 -2.42247e-05 -0)
(-0.0784414 -2.35518e-05 -3.42861e-23)
(-0.0805912 -2.28885e-05 -0)
(-0.0826974 -2.22527e-05 0)
(-0.0847295 -2.16326e-05 0)
(-0.0867105 -2.10037e-05 -0)
(-0.0886311 -2.03472e-05 0)
(-0.0904982 -1.9768e-05 0)
(-0.0923097 -1.91565e-05 -3.40156e-23)
(-0.0940704 -1.85896e-05 -0)
(-0.0957801 -1.79861e-05 0)
(-0.0974392 -1.74726e-05 -3.38878e-23)
(-0.0990529 -1.69658e-05 -0)
(-0.100623 -1.65422e-05 -0)
(-0.102156 -1.60929e-05 0)
(-0.103649 -1.57229e-05 0)
(-0.105111 -1.53235e-05 0)
(-0.106535 -1.49853e-05 0)
(-0.107933 -1.46387e-05 -0)
(-0.109296 -1.43057e-05 0)
(-0.110636 -1.3984e-05 0)
(-0.111938 -1.3637e-05 -0)
(-0.113217 -1.33707e-05 0)
(-0.114463 -1.30217e-05 -0)
(-0.115685 -1.27611e-05 0)
(-0.116877 -1.23978e-05 -3.32597e-23)
(-0.118042 -1.21455e-05 -3.32133e-23)
(-0.11918 -1.17973e-05 -0)
(-0.120291 -1.15583e-05 -3.31199e-23)
(-0.121378 -1.12359e-05 -0)
(-0.122437 -1.09952e-05 0)
(-0.123474 -1.06957e-05 0)
(-0.124483 -1.04388e-05 -3.29305e-23)
(-0.125471 -1.01661e-05 -0)
(-0.126432 -9.89878e-06 3.28351e-23)
(-0.127373 -9.64929e-06 0)
(-0.128289 -9.38392e-06 0)
(-0.129183 -9.14272e-06 0)
(-0.130054 -8.88349e-06 -3.26429e-23)
(-0.130902 -8.64267e-06 -0)
(-0.131727 -8.38822e-06 -0)
(-0.132529 -8.14209e-06 3.2497e-23)
(-0.133306 -7.88278e-06 -3.24481e-23)
(-0.134061 -7.62073e-06 -0)
(-0.134788 -7.3471e-06 -3.23499e-23)
(-0.135494 -7.08698e-06 -0)
(-0.13617 -6.76833e-06 -3.22518e-23)
(-0.136823 -6.51175e-06 -0)
(-0.137447 -6.17647e-06 -3.21536e-23)
(-0.138046 -5.92018e-06 -0)
(-0.138617 -5.57329e-06 0)
(-0.139159 -5.31108e-06 -3.20057e-23)
(-0.139675 -4.95868e-06 -0)
(-0.14016 -4.68082e-06 0)
(-0.140621 -4.34415e-06 -3.18571e-23)
(-0.141047 -4.03612e-06 -0)
(-0.141453 -3.74252e-06 3.1758e-23)
(-0.141825 -3.41206e-06 0)
(-0.142174 -3.16051e-06 -0)
(-0.142494 -2.82916e-06 0)
(-0.142789 -2.59256e-06 0)
(-0.143059 -2.27052e-06 -0)
(-0.143301 -2.02514e-06 0)
(-0.143522 -1.7278e-06 -0)
(-0.143713 -1.46053e-06 0)
(-0.143885 -1.20305e-06 0)
(-0.144027 -9.03411e-07 -0)
(-0.144146 -6.66286e-07 0)
(-0.144237 -3.41056e-07 -3.11653e-23)
(-0.144301 -9.11887e-08 -3.11162e-23)
(-0.14434 2.28666e-07 -0)
(-0.144351 5.04719e-07 -0)
(-0.144337 7.72361e-07 0)
(-0.1443 1.05476e-06 0)
(-0.144236 1.26464e-06 0)
(-0.144157 1.54113e-06 -3.08234e-23)
(-0.144045 1.73215e-06 -0)
(-0.143931 2.00716e-06 3.07269e-23)
(-0.14377 2.19315e-06 3.06791e-23)
(-0.143626 2.48853e-06 -3.06315e-23)
(-0.14341 2.63288e-06 -0)
(-0.143245 3.00099e-06 -3.05369e-23)
(-0.14296 3.03149e-06 -0)
(-0.142795 3.54501e-06 0)
(-0.142412 3.3646e-06 0)
(-0.142286 4.0961e-06 -3.03491e-23)
(-0.141762 3.61655e-06 -0)
(-0.141734 4.61623e-06 -3.02558e-23)
(-0.141011 3.81069e-06 -3.02092e-23)
(-0.141149 5.04666e-06 0)
(-0.140168 4.0321e-06 0)
(-0.140533 5.23015e-06 -3.00707e-23)
(-0.139272 4.44802e-06 0)
(-0.139862 4.85934e-06 0)
(-0.138417 5.3181e-06 -2.99331e-23)
(-0.139071 3.48489e-06 -0)
(-0.137774 6.93419e-06 0)
(-0.138048 4.27221e-07 0)
(-0.137672 8.56356e-06 0)
(-0.136752 -9.52767e-06 0)
(-0.137836 -3.67823e-06 2.16592e-21)
(-0.136057 -9.65507e-07 0)
(-0.136479 -1.82308e-06 2.02013e-21)
(-0.134876 7.00229e-07 1.95091e-21)
(-0.134662 -6.16877e-07 0)
(-0.133282 5.25486e-07 0)
(-0.132841 -7.93109e-07 0)
(-0.131683 -5.29653e-07 0)
(-0.131208 -1.74491e-06 0)
(-0.130264 -1.98399e-06 -3.16549e-21)
(-0.12972 -2.97566e-06 0)
(-0.12891 -3.2819e-06 0)
(-0.12842 -3.97556e-06 0)
(-0.127848 -4.22295e-06 0)
(-0.127409 -4.58332e-06 0)
(-0.126904 -4.64104e-06 2.56562e-21)
(-0.126483 -4.71018e-06 0)
(-0.126022 -4.58805e-06 0)
(-0.12556 -4.4189e-06 0)
(-0.125048 -4.08189e-06 0)
(-0.124519 -3.71619e-06 0)
(-0.123918 -3.28014e-06 0)
(-0.12325 -2.80855e-06 0)
(-0.122491 -2.27691e-06 3.88262e-21)
(-0.121655 -1.76509e-06 3.74973e-21)
(-0.120728 -1.20873e-06 3.62146e-21)
(-0.119698 -6.98664e-07 0)
(-0.118559 -1.82388e-07 0)
(-0.117323 2.99952e-07 -6.52452e-21)
(-0.116007 7.61288e-07 0)
(-0.114573 1.14028e-06 0)
(-0.113075 1.47326e-06 0)
(-0.111482 1.75979e-06 5.67814e-21)
(-0.109819 1.98468e-06 0)
(-0.108091 2.1575e-06 0)
(-0.106312 2.27196e-06 0)
(-0.104489 2.33842e-06 4.94246e-21)
(-0.102638 2.35412e-06 4.77411e-21)
(-0.100763 2.33882e-06 9.22331e-21)
(-0.098874 2.28003e-06 8.90966e-21)
(-0.0969845 2.19448e-06 0)
(-0.0950974 2.08569e-06 0)
(-0.0932251 1.95409e-06 0)
(-0.0913692 1.811e-06 0)
(-0.08954 1.65858e-06 -7.49733e-21)
(-0.0877371 1.50422e-06 0)
(-0.0859664 1.34475e-06 -6.99878e-21)
(-0.0842303 1.16985e-06 0)
(-0.0825367 1.01928e-06 1.30687e-20)
(-0.080874 8.4991e-07 0)
(-0.0792607 6.89063e-07 0)
(-0.0776886 5.41775e-07 1.17933e-20)
(-0.0761468 3.76566e-07 -1.13974e-20)
(-0.0746763 2.14623e-07 0)
(-0.0732254 7.95627e-08 -1.06463e-20)
(-0.0718403 -9.18764e-08 1.02901e-20)
(-0.0704965 -2.4739e-07 0)
(-0.0692197 -4.10157e-07 0)
(-0.0679863 -5.66809e-07 0)
(-0.0668241 -7.37794e-07 0)
(-0.0657162 -8.85588e-07 1.73728e-20)
(-0.0646669 -1.09214e-06 -1.67964e-20)
(-0.0637251 -1.26884e-06 0)
(-0.062823 -1.41025e-06 0)
(-0.0620007 -1.58842e-06 0)
(-0.0612522 -1.80123e-06 -1.4683e-20)
(-0.0606241 -2.00574e-06 -1.41992e-20)
(-0.0600677 -2.1416e-06 0)
(-0.0595664 -2.33613e-06 1.32806e-20)
(-0.0592004 -2.58767e-06 -2.56891e-20)
(-0.0589567 -2.67008e-06 0)
(-0.0586749 -2.74123e-06 0)
(-0.0584964 -2.99639e-06 0)
(-0.0584873 -3.2379e-06 0)
(-0.0585866 -3.42667e-06 -2.17456e-20)
(-0.058812 -3.47243e-06 0)
(-0.0589859 -3.39344e-06 0)
(-0.0591271 -3.50897e-06 0)
(-0.0594522 -3.66202e-06 0)
(-0.0598196 -3.55352e-06 0)
(-0.0600549 -3.39934e-06 3.559e-20)
(-0.0602669 -3.44063e-06 0)
(-0.0605948 -3.48225e-06 0)
(-0.0609059 -3.1777e-06 3.21691e-20)
(-0.060912 -2.77802e-06 0)
(-0.0606246 -2.69125e-06 0)
(-0.0604555 -2.50224e-06 2.90581e-20)
(-0.0601031 -2.1473e-06 0)
(-0.0594283 -2.18513e-06 0)
(-0.059213 -1.69583e-06 -5.24729e-20)
(-0.0585031 -1.03188e-06 0)
(-0.0571946 -1.02727e-06 0)
(-0.0564294 3.52614e-07 4.72921e-20)
(-0.0545414 1.70845e-06 -4.56771e-20)
(-0.051308 9.87316e-07 0)
(-0.0496127 1.76845e-06 0)
(-0.0482545 3.91928e-06 0)
(-0.0436221 2.21709e-06 0)
(-0.0416601 3.45367e-06 0)
(-0.0394508 1.0911e-05 0)
(-0.028911 3.24546e-06 7.11377e-20)
(-0.0273582 -4.79426e-06 6.80625e-20)
(-0.0227237 -2.19186e-06 6.54256e-20)
(-0.0319232 1.78003e-05 6.42492e-20)
(0.000683871 1.77986e-05 0)
(0.0311771 -1.73077e-05 0)
(-0.00708106 2.51351e-05 0)
(0.101849 9.88857e-06 5.70812e-20)
(0.0280058 -0.000122388 0)
(-0.111114 6.98675e-05 0)
(0.13275 3.65016e-05 -1.03443e-19)
(-0.0165378 -0.000224871 1.03009e-19)
(-0.295554 2.74705e-05 0)
(-0.00490076 0.000231564 0)
(-0.156832 -7.69583e-05 -0)
(-0.382083 0.000379929 -0)
(-0.87309 0.000184455 6.14699e-20)
(-0.463477 -0.00016638 0)
(-0.216061 2.65389e-05 5.80975e-20)
(-0.889361 0.000453843 -1.23269e-19)
(-2.1645 0.00106497 1.12369e-19)
(-5.4118 0.000331431 1.29129e-19)
(-3.99697 -0.000532094 -1.51757e-19)
(-2.77125 -9.38024e-06 -9.89089e-20)
(-4.57126 0.000662837 -0)
(-6.37582 -0.000999237 0)
(-2.57218 -0.00510796 0)
(1.09444 0.00151731 0)
(-5.35346 0.00460554 0)
(-16.1711 0.00583743 0)
(-20.914 0.00164149 -0)
)
;
    }
    front
    {
        type            empty;
    }
    back
    {
        type            empty;
    }
}


// ************************************************************************* //
